$MeshFormat
2.2 0 8
$EndMeshFormat
$PhysicalNames
3
2 13 "Load"
2 14 "Fixed"
3 15 "solid"
$EndPhysicalNames
$Nodes
86
1 100 100 0
2 0 100 0
3 0 100 1000
4 100 100 1000
5 100 0 0
6 100 0 1000
7 0 0 0
8 0 0 1000
9 0 100 99.99999999999974
10 0 100 199.9999999999994
11 0 100 299.999999999999
12 0 100 399.9999999999987
13 0 100 499.9999999999989
14 0 100 599.9999999999991
15 0 100 699.9999999999993
16 0 100 799.9999999999995
17 0 100 899.9999999999998
18 100 100 99.99999999999974
19 100 100 199.9999999999994
20 100 100 299.999999999999
21 100 100 399.9999999999987
22 100 100 499.9999999999989
23 100 100 599.9999999999991
24 100 100 699.9999999999993
25 100 100 799.9999999999995
26 100 100 899.9999999999998
27 100 0 99.99999999999974
28 100 0 199.9999999999994
29 100 0 299.999999999999
30 100 0 399.9999999999987
31 100 0 499.9999999999989
32 100 0 599.9999999999991
33 100 0 699.9999999999993
34 100 0 799.9999999999995
35 100 0 899.9999999999998
36 0 0 99.99999999999974
37 0 0 199.9999999999994
38 0 0 299.999999999999
39 0 0 399.9999999999987
40 0 0 499.9999999999989
41 0 0 599.9999999999991
42 0 0 699.9999999999993
43 0 0 799.9999999999995
44 0 0 899.9999999999998
45 49.99999999999992 100 449.9999999999989
46 50 100 349.9999999999989
47 50.00000000000001 100 49.99999999999986
48 50.00000000000001 100 149.9999999999996
49 50.00000000000001 100 249.9999999999992
50 50 100 950
51 49.99999999999999 100 549.999999999999
52 49.99999999999999 100 649.9999999999994
53 49.99999999999992 100 849.9999999999993
54 50 100 749.9999999999994
55 100 50.00000000000008 449.9999999999989
56 100 50 349.9999999999989
57 100 49.99999999999999 49.99999999999986
58 100 49.99999999999999 149.9999999999996
59 100 49.99999999999999 249.9999999999992
60 100 50 950
61 100 50.00000000000001 649.9999999999994
62 100 50.00000000000008 849.9999999999993
63 100 50 749.9999999999994
64 100 50.00000000000001 549.999999999999
65 50.00000000000001 0 449.9999999999989
66 49.99999999999999 0 149.9999999999996
67 49.99999999999999 0 349.9999999999989
68 49.99999999999999 0 49.99999999999986
69 49.99999999999999 0 249.9999999999992
70 50 0 950
71 50.00000000000001 0 649.9999999999994
72 50.00000000000008 0 849.9999999999993
73 50 0 749.9999999999994
74 50.00000000000001 0 549.999999999999
75 0 49.99999999999999 449.9999999999989
76 0 50.00000000000001 149.9999999999996
77 0 50.00000000000001 49.99999999999986
78 0 50.00000000000001 249.9999999999992
79 0 50.00000000000001 349.9999999999989
80 0 50 950
81 0 49.99999999999999 649.9999999999994
82 0 50.00000000000001 749.9999999999994
83 0 49.99999999999999 849.9999999999993
84 0 49.99999999999999 549.999999999999
85 50 50 1000
86 50 50 0
$EndNodes
$Elements
207
1 2 2 14 5 3 85 4
2 2 2 14 5 8 85 3
3 2 2 14 5 4 85 6
4 2 2 14 5 6 85 8
5 2 2 13 6 2 1 86
6 2 2 13 6 1 5 86
7 2 2 13 6 7 2 86
8 2 2 13 6 5 7 86
9 4 2 15 1 51 74 22 64
10 4 2 15 1 51 41 84 74
11 4 2 15 1 23 74 51 64
12 4 2 15 1 74 51 22 84
13 4 2 15 1 80 70 35 60
14 4 2 15 1 35 50 80 60
15 4 2 15 1 23 74 61 51
16 4 2 15 1 74 61 51 41
17 4 2 15 1 41 14 51 84
18 4 2 15 1 74 64 31 22
19 4 2 15 1 13 74 84 40
20 4 2 15 1 84 13 51 22
21 4 2 15 1 60 35 50 26
22 4 2 15 1 44 80 70 35
23 4 2 15 1 35 80 50 26
24 4 2 15 1 23 32 74 64
25 4 2 15 1 13 74 22 84
26 4 2 15 1 80 17 50 26
27 4 2 15 1 32 23 74 61
28 4 2 15 1 61 51 14 23
29 4 2 15 1 32 41 61 74
30 4 2 15 1 40 31 75 74
31 4 2 15 1 51 14 41 61
32 4 2 15 1 74 13 75 40
33 4 2 15 1 13 74 75 22
34 4 2 15 1 31 75 74 22
35 4 2 15 1 17 80 44 35
36 4 2 15 1 17 80 35 26
37 4 2 15 1 59 38 78 69
38 4 2 15 1 66 69 59 37
39 4 2 15 1 37 19 49 59
40 4 2 15 1 78 37 49 59
41 4 2 15 1 59 78 37 69
42 4 2 15 1 78 49 38 59
43 4 2 15 1 76 48 19 58
44 4 2 15 1 59 58 66 19
45 4 2 15 1 59 66 37 19
46 4 2 15 1 78 76 49 37
47 4 2 15 1 19 37 49 76
48 4 2 15 1 48 49 76 19
49 4 2 15 1 19 66 76 58
50 4 2 15 1 66 37 19 76
51 4 2 15 1 78 38 49 79
52 4 2 15 1 69 67 59 38
53 4 2 15 1 67 59 38 56
54 4 2 15 1 47 48 76 57
55 4 2 15 1 57 48 76 58
56 4 2 15 1 76 77 47 57
57 4 2 15 1 77 76 68 57
58 4 2 15 1 66 68 76 57
59 4 2 15 1 56 38 49 59
60 4 2 15 1 57 76 66 58
61 4 2 15 1 56 79 38 67
62 4 2 15 1 53 82 25 83
63 4 2 15 1 79 38 49 56
64 4 2 15 1 53 17 83 62
65 4 2 15 1 73 62 63 43
66 4 2 15 1 72 83 17 62
67 4 2 15 1 54 53 82 25
68 4 2 15 1 62 83 53 25
69 4 2 15 1 72 43 83 62
70 4 2 15 1 73 52 63 61
71 4 2 15 1 30 55 75 65
72 4 2 15 1 73 52 82 63
73 4 2 15 1 52 54 82 63
74 4 2 15 1 65 67 79 30
75 4 2 15 1 69 66 59 28
76 4 2 15 1 58 66 57 27
77 4 2 15 1 36 66 68 76
78 4 2 15 1 62 63 43 25
79 4 2 15 1 47 18 48 57
80 4 2 15 1 77 9 76 47
81 4 2 15 1 48 76 9 47
82 4 2 15 1 76 68 36 77
83 4 2 15 1 57 18 48 58
84 4 2 15 1 42 52 81 82
85 4 2 15 1 52 54 63 24
86 4 2 15 1 61 63 73 33
87 4 2 15 1 49 48 76 10
88 4 2 15 1 79 75 39 65
89 4 2 15 1 67 79 39 65
90 4 2 15 1 66 68 57 27
91 4 2 15 1 56 75 79 30
92 4 2 15 1 76 78 49 10
93 4 2 15 1 82 42 52 73
94 4 2 15 1 73 82 43 63
95 4 2 15 1 46 45 75 21
96 4 2 15 1 62 43 83 25
97 4 2 15 1 46 75 79 21
98 4 2 15 1 42 52 73 61
99 4 2 15 1 44 83 17 72
100 4 2 15 1 53 82 83 16
101 4 2 15 1 35 72 17 62
102 4 2 15 1 62 73 34 72
103 4 2 15 1 55 75 45 21
104 4 2 15 1 55 75 22 45
105 4 2 15 1 59 49 56 20
106 4 2 15 1 56 75 21 79
107 4 2 15 1 46 79 56 21
108 4 2 15 1 71 42 73 61
109 4 2 15 1 81 52 42 71
110 4 2 15 1 15 81 52 82
111 4 2 15 1 52 54 15 82
112 4 2 15 1 52 63 61 24
113 4 2 15 1 52 42 71 61
114 4 2 15 1 54 82 63 25
115 4 2 15 1 56 79 67 30
116 4 2 15 1 52 71 14 61
117 4 2 15 1 71 52 14 81
118 4 2 15 1 65 79 75 30
119 4 2 15 1 61 73 71 33
120 4 2 15 1 53 17 62 26
121 4 2 15 1 45 46 75 12
122 4 2 15 1 75 55 22 65
123 4 2 15 1 46 75 12 79
124 4 2 15 1 56 55 75 30
125 4 2 15 1 55 56 75 21
126 4 2 15 1 58 59 66 28
127 4 2 15 1 78 49 11 79
128 4 2 15 1 53 54 82 16
129 4 2 15 1 61 14 52 23
130 4 2 15 1 67 69 59 29
131 4 2 15 1 31 22 55 65
132 4 2 15 1 71 14 61 41
133 4 2 15 1 73 62 43 72
134 4 2 15 1 49 46 79 56
135 4 2 15 1 41 32 61 71
136 4 2 15 1 83 43 82 25
137 4 2 15 1 31 40 75 65
138 4 2 15 1 63 82 43 25
139 4 2 15 1 75 13 22 45
140 4 2 15 1 71 14 41 81
141 4 2 15 1 17 35 62 26
142 4 2 15 1 31 75 22 65
143 4 2 15 1 11 49 46 79
144 4 2 15 1 67 59 56 29
145 4 2 15 1 60 50 80 85
146 4 2 15 1 72 17 44 35
147 4 2 15 1 80 70 60 85
148 4 2 15 1 73 62 34 63
149 4 2 15 1 56 49 46 20
150 4 2 15 1 14 13 51 84
151 4 2 15 1 74 64 32 31
152 4 2 15 1 60 50 4 26
153 4 2 15 1 3 17 50 80
154 4 2 15 1 44 80 8 70
155 4 2 15 1 35 70 6 60
156 4 2 15 1 84 41 40 74
157 4 2 15 1 22 51 64 23
158 4 2 15 1 50 4 3 85
159 4 2 15 1 6 4 60 85
160 4 2 15 1 70 8 6 85
161 4 2 15 1 80 3 8 85
162 4 2 15 1 60 70 6 85
163 4 2 15 1 70 80 8 85
164 4 2 15 1 80 50 3 85
165 4 2 15 1 60 4 50 85
166 4 2 15 1 86 47 77 57
167 4 2 15 1 77 68 86 57
168 4 2 15 1 7 2 77 86
169 4 2 15 1 47 2 1 86
170 4 2 15 1 68 5 7 86
171 4 2 15 1 86 5 1 57
172 4 2 15 1 83 44 43 72
173 4 2 15 1 17 16 53 83
174 4 2 15 1 35 34 72 62
175 4 2 15 1 25 53 62 26
176 4 2 15 1 75 40 39 65
177 4 2 15 1 24 61 52 23
178 4 2 15 1 16 15 54 82
179 4 2 15 1 22 55 45 21
180 4 2 15 1 13 75 12 45
181 4 2 15 1 41 81 42 71
182 4 2 15 1 14 81 52 15
183 4 2 15 1 43 42 82 73
184 4 2 15 1 32 61 71 33
185 4 2 15 1 33 63 73 34
186 4 2 15 1 25 63 54 24
187 4 2 15 1 55 31 65 30
188 4 2 15 1 20 59 49 19
189 4 2 15 1 29 69 59 28
190 4 2 15 1 49 11 10 78
191 4 2 15 1 77 2 9 47
192 4 2 15 1 68 7 36 77
193 4 2 15 1 1 18 47 57
194 4 2 15 1 18 19 48 58
195 4 2 15 1 66 36 37 76
196 4 2 15 1 76 9 10 48
197 4 2 15 1 38 37 78 69
198 4 2 15 1 57 68 5 27
199 4 2 15 1 66 58 28 27
200 4 2 15 1 21 56 46 20
201 4 2 15 1 12 11 46 79
202 4 2 15 1 39 38 79 67
203 4 2 15 1 30 67 56 29
204 4 2 15 1 47 77 2 86
205 4 2 15 1 77 68 7 86
206 4 2 15 1 68 5 86 57
207 4 2 15 1 1 47 86 57
$EndElements
