$MeshFormat
2.2 0 8
$EndMeshFormat
$PhysicalNames
3
2 13 "Fixed"
2 14 "Load"
3 15 "Solid"
$EndPhysicalNames
$Nodes
911
1 25 25 100
2 0 25 100
3 0 0 100
4 25 0 100
5 0 25 0
6 25 25 0
7 25 0 0
8 0 0 0
9 16.66666666666669 25 100
10 8.33333333333335 25 100
11 20.83333333333334 25 100
12 12.50000000000002 25 100
13 4.166666666666675 25 100
14 0 16.66666666666669 100
15 0 8.33333333333335 100
16 0 20.83333333333334 100
17 0 12.50000000000002 100
18 0 4.166666666666675 100
19 8.333333333333314 0 100
20 16.66666666666665 0 100
21 4.166666666666657 0 100
22 12.49999999999998 0 100
23 20.83333333333333 0 100
24 25 8.333333333333314 100
25 25 16.66666666666665 100
26 25 4.166666666666657 100
27 25 12.49999999999998 100
28 25 20.83333333333333 100
29 8.333333333333314 25 0
30 16.66666666666665 25 0
31 4.166666666666657 25 0
32 12.49999999999998 25 0
33 20.83333333333333 25 0
34 25 16.66666666666669 0
35 25 8.33333333333335 0
36 25 20.83333333333334 0
37 25 12.50000000000002 0
38 25 4.166666666666675 0
39 16.66666666666669 0 0
40 8.33333333333335 0 0
41 20.83333333333334 0 0
42 12.50000000000002 0 0
43 4.166666666666675 0 0
44 0 8.333333333333314 0
45 0 16.66666666666665 0
46 0 4.166666666666657 0
47 0 12.49999999999998 0
48 0 20.83333333333333 0
49 25 0 90.00000000000003
50 25 0 80.00000000000003
51 25 0 70.00000000000006
52 25 0 60.00000000000011
53 25 0 50.00000000000011
54 25 0 40.00000000000008
55 25 0 30.00000000000006
56 25 0 20.00000000000004
57 25 0 10.00000000000001
58 25 0 95.00000000000001
59 25 0 85.00000000000003
60 25 0 75.00000000000004
61 25 0 65.00000000000009
62 25 0 55.00000000000011
63 25 0 45.00000000000009
64 25 0 35.00000000000007
65 25 0 25.00000000000005
66 25 0 15.00000000000003
67 25 0 5.000000000000007
68 25 25 90.00000000000003
69 25 25 80.00000000000003
70 25 25 70.00000000000006
71 25 25 60.00000000000011
72 25 25 50.00000000000011
73 25 25 40.00000000000008
74 25 25 30.00000000000006
75 25 25 20.00000000000004
76 25 25 10.00000000000001
77 25 25 95.00000000000001
78 25 25 85.00000000000003
79 25 25 75.00000000000004
80 25 25 65.00000000000009
81 25 25 55.00000000000011
82 25 25 45.00000000000009
83 25 25 35.00000000000007
84 25 25 25.00000000000005
85 25 25 15.00000000000003
86 25 25 5.000000000000007
87 0 0 90.00000000000003
88 0 0 80.00000000000003
89 0 0 70.00000000000006
90 0 0 60.00000000000011
91 0 0 50.00000000000011
92 0 0 40.00000000000008
93 0 0 30.00000000000006
94 0 0 20.00000000000004
95 0 0 10.00000000000001
96 0 0 95.00000000000001
97 0 0 85.00000000000003
98 0 0 75.00000000000004
99 0 0 65.00000000000009
100 0 0 55.00000000000011
101 0 0 45.00000000000009
102 0 0 35.00000000000007
103 0 0 25.00000000000005
104 0 0 15.00000000000003
105 0 0 5.000000000000007
106 0 25 90.00000000000003
107 0 25 80.00000000000003
108 0 25 70.00000000000006
109 0 25 60.00000000000011
110 0 25 50.00000000000011
111 0 25 40.00000000000008
112 0 25 30.00000000000006
113 0 25 20.00000000000004
114 0 25 10.00000000000001
115 0 25 95.00000000000001
116 0 25 85.00000000000003
117 0 25 75.00000000000004
118 0 25 65.00000000000009
119 0 25 55.00000000000011
120 0 25 45.00000000000009
121 0 25 35.00000000000007
122 0 25 25.00000000000005
123 0 25 15.00000000000003
124 0 25 5.000000000000007
125 12.50000000000001 17.62020734258708 100
126 12.49999999999999 7.373734382120537 100
127 6.18599795709738 12.49899028745128 100
128 18.81400204290262 12.49899028745126 100
129 6.057993871292142 6.057993871292151 100
130 18.94200612870786 18.94200612870785 100
131 6.057993871292135 18.94200612870787 100
132 18.94200612870787 6.057993871292124 100
133 17.80433639768727 21.97100306435393 100
134 21.97100306435393 21.97100306435393 100
135 21.97100306435393 17.80433639768725 100
136 3.028996935646067 21.97100306435394 100
137 7.195663602312742 21.97100306435394 100
138 3.028996935646067 17.80433639768728 100
139 3.02899693564607 3.028996935646076 100
140 3.02899693564607 7.19566360231275 100
141 7.195663602312727 3.028996935646076 100
142 21.97100306435393 3.028996935646061 100
143 17.80433639768726 3.028996935646061 100
144 21.97100306435393 7.195663602312719 100
145 10.41666666666668 21.31010367129354 100
146 14.58333333333335 21.31010367129354 100
147 15.72100306435394 18.28110673564746 100
148 9.278996935646074 18.28110673564748 100
149 3.092998978548691 10.41616181039231 100
150 3.092998978548691 14.58282847705898 100
151 6.121995914194757 15.72049820807958 100
152 6.121995914194761 9.278492079371716 100
153 14.58333333333332 3.686867191060269 100
154 10.41666666666665 3.686867191060269 100
155 9.278996935646063 6.715864126706344 100
156 15.72100306435393 6.715864126706331 100
157 21.90700102145131 14.58282847705895 100
158 21.90700102145131 10.41616181039229 100
159 18.87800408580524 9.278492079371691 100
160 18.87800408580524 15.72049820807955 100
161 9.342998978548698 15.05959881501918 100
162 9.342998978548684 9.936362334785908 100
163 12.5 12.49697086235381 100
164 15.6570010214513 9.936362334785898 100
165 15.65700102145132 15.05959881501917 100
166 12.50000000000001 7.379792657412922 0
167 12.49999999999999 17.62626561787946 0
168 6.18599795709738 12.50100971254872 0
169 18.81400204290262 12.50100971254874 0
170 6.057993871292143 18.94200612870785 0
171 18.94200612870786 6.057993871292151 0
172 18.94200612870787 18.94200612870787 0
173 6.057993871292136 6.057993871292127 0
174 7.195663602312728 21.97100306435392 0
175 3.028996935646072 21.97100306435392 0
176 3.028996935646072 17.80433639768725 0
177 21.97100306435393 21.97100306435394 0
178 17.80433639768726 21.97100306435394 0
179 21.97100306435393 17.80433639768728 0
180 21.97100306435393 3.028996935646076 0
181 21.97100306435393 7.19566360231275 0
182 17.80433639768727 3.028996935646076 0
183 3.028996935646068 3.028996935646063 0
184 7.195663602312743 3.028996935646063 0
185 3.028996935646068 7.19566360231272 0
186 14.58333333333332 21.31313280893973 0
187 10.41666666666665 21.31313280893973 0
188 9.278996935646065 18.28413587329366 0
189 15.72100306435393 18.28413587329367 0
190 21.90700102145131 10.41717152294105 0
191 21.90700102145131 14.58383818960771 0
192 18.87800408580524 15.72150792062831 0
193 18.87800408580524 9.279501791920445 0
194 10.41666666666668 3.68989632870646 0
195 14.58333333333335 3.68989632870646 0
196 15.72100306435394 6.718893264352537 0
197 9.278996935646076 6.718893264352525 0
198 3.092998978548691 14.58383818960769 0
199 3.092998978548691 10.41717152294102 0
200 6.121995914194758 9.279501791920424 0
201 6.121995914194762 15.72150792062829 0
202 12.5 12.50302913764619 0
203 9.342998978548696 9.940401184980821 0
204 9.342998978548684 15.06363766521409 0
205 15.6570010214513 15.0636376652141 0
206 15.65700102145132 9.940401184980832 0
207 25 12.39069963857781 92.81257379764169
208 25 12.60930036142219 7.187426202358317
209 25 8.660254037844343 65.00000000000009
210 25 8.660254037844393 45.00000000000009
211 25 8.273963999662907 26.76949736899541
212 25 16.33974596215564 55.00000000000011
213 25 16.72603600033709 73.2305026310047
214 25 16.3397459621556 35.00000000000007
215 25 8.304038035821844 15.61698421397218
216 25 16.69596196417821 84.3830157860279
217 25 7.038281289745039 85.98100211650646
218 25 17.96171871025498 14.01899788349359
219 25 18.34520720006741 64.64610052620101
220 25 8.186755548684113 76.43242008892321
221 25 6.732050807568874 55.0000000000001
222 25 18.26794919243113 45.00000000000009
223 25 6.65479279993258 35.35389947379915
224 25 16.81324445131589 23.5675799110769
225 25 19.15066565388453 93.43911791673392
226 25 5.738158928223754 93.6904231153691
227 25 5.849334346115477 6.560882083266101
228 25 19.26184107177625 6.309576884630907
229 25 17.90866616027559 96.71955895836696
230 25 22.07533282694227 96.71955895836696
231 25 22.07533282694227 91.71955895836697
232 25 2.869079464111877 96.84521155768455
233 25 7.035746130778534 96.84521155768455
234 25 2.869079464111877 91.84521155768456
235 25 22.13092053588813 3.15478844231545
236 25 17.96425386922147 3.15478844231545
237 25 22.13092053588813 8.154788442315464
238 25 7.091333839724413 3.280441041633054
239 25 2.924667173057738 3.280441041633054
240 25 2.924667173057738 8.280441041633054
241 25 10.36201648595556 96.40628689882084
242 25 14.52868315262223 96.40628689882084
243 25 9.064429283400784 93.25149845650539
244 25 15.77068264623117 93.12584585718781
245 25 14.63798351404444 3.593713101179162
246 25 10.47131684737777 3.593713101179162
247 25 15.93557071659922 6.748501543494612
248 25 9.229317353768835 6.874154142812209
249 25 3.51914064487252 82.99050105825324
250 25 3.51914064487252 87.99050105825324
251 25 6.388220108984397 89.83571261593778
252 25 4.093377774342056 73.21621004446163
253 25 4.093377774342056 78.21621004446162
254 25 7.612518419214576 81.20671110271483
255 25 4.330127018922171 62.50000000000009
256 25 4.330127018922171 67.50000000000007
257 25 8.423504793264229 70.71621004446165
258 25 3.366025403784437 52.5000000000001
259 25 3.366025403784437 57.5000000000001
260 25 7.696152422706609 60.00000000000009
261 25 4.330127018922196 42.50000000000009
262 25 4.330127018922196 47.5000000000001
263 25 7.696152422706634 50.00000000000009
264 25 3.32739639996629 32.6769497368996
265 25 3.32739639996629 37.67694973689961
266 25 7.657523418888486 40.17694973689962
267 25 4.136981999831454 23.38474868449773
268 25 4.136981999831454 28.38474868449774
269 25 7.464378399797743 31.06169842139728
270 25 4.152019017910922 12.80849210698609
271 25 4.152019017910922 17.80849210698611
272 25 8.289001017742375 21.1932407914838
273 25 7.07668619096866 11.08893314861914
274 25 20.8479809820891 87.19150789301395
275 25 20.8479809820891 82.19150789301396
276 25 17.92331380903137 88.91106685138091
277 25 20.86301800016854 76.61525131550236
278 25 20.86301800016854 71.61525131550238
279 25 16.71099898225765 78.8067592085163
280 25 21.67260360003371 67.32305026310054
281 25 21.67260360003371 62.32305026310055
282 25 17.53562160020225 68.93830157860285
283 25 20.66987298107782 57.50000000000011
284 25 20.66987298107782 52.50000000000011
285 25 17.34247658111153 59.82305026310055
286 25 21.63397459621556 47.5000000000001
287 25 21.63397459621556 42.50000000000009
288 25 17.30384757729338 50.0000000000001
289 25 20.6698729810778 37.50000000000007
290 25 20.6698729810778 32.50000000000007
291 25 17.30384757729336 40.00000000000009
292 25 20.90662222565794 26.78378995553848
293 25 20.90662222565794 21.78378995553847
294 25 16.57649520673574 29.28378995553848
295 25 21.48085935512749 17.00949894174681
296 25 21.48085935512749 12.0094989417468
297 25 17.38748158078543 18.79328889728524
298 25 18.61177989101562 10.16428738406225
299 25 14.54333080137801 88.59779479183479
300 25 9.714490464161427 89.39678795707408
301 25 11.86712162696162 85.18200895126718
302 25 10.45666919862202 11.40220520816525
303 25 15.28550953583859 10.60321204292595
304 25 13.13287837303841 14.81799104873289
305 25 12.49999999999999 60.00000000000009
306 25 13.50273061895588 64.82305026310055
307 25 11.53589838486225 55.0000000000001
308 25 12.69314501909072 69.11525131550239
309 25 12.4563957745106 74.83146135996395
310 25 12.50000000000001 50.0000000000001
311 25 13.46410161513776 45.00000000000009
312 25 12.5 40.00000000000009
313 25 11.49726938104409 35.17694973689961
314 25 12.30685498090925 30.88474868449774
315 25 12.5436042254894 25.16853864003615
316 25 12.55864124356887 19.59228206252454
317 25 12.44135875643116 80.40771793747555
318 12.39069963857781 0 92.81257379764169
319 12.60930036142219 0 7.18742620235831
320 16.72603600033709 0 73.2305026310047
321 16.33974596215564 0 55.00000000000011
322 16.3397459621556 0 35.00000000000007
323 8.660254037844343 0 65.00000000000009
324 8.660254037844393 0 45.00000000000009
325 8.273963999662907 0 26.76949736899541
326 16.6959619641782 0 84.38301578602788
327 8.304038035821838 0 15.61698421397217
328 7.038281289745039 0 85.98100211650646
329 17.96171871025498 0 14.01899788349359
330 18.34520720006741 0 64.64610052620101
331 8.186755548684113 0 76.43242008892321
332 6.732050807568874 0 55.0000000000001
333 18.26794919243113 0 45.00000000000009
334 6.65479279993258 0 35.35389947379915
335 16.81324445131589 0 23.56757991107689
336 19.15066565388453 0 93.43911791673392
337 5.738158928223754 0 93.6904231153691
338 5.849334346115475 0 6.560882083266094
339 19.26184107177625 0 6.309576884630907
340 2.869079464111877 0 96.84521155768455
341 7.035746130778534 0 96.84521155768455
342 2.869079464111877 0 91.84521155768456
343 17.90866616027559 0 96.71955895836696
344 22.07533282694227 0 96.71955895836696
345 22.07533282694227 0 91.71955895836697
346 22.13092053588813 0 3.15478844231545
347 17.96425386922147 0 3.15478844231545
348 22.13092053588813 0 8.154788442315464
349 7.091333839724412 0 3.280441041633047
350 2.924667173057738 0 3.280441041633047
351 2.924667173057738 0 8.280441041633054
352 10.36201648595556 0 96.40628689882084
353 14.52868315262223 0 96.40628689882084
354 9.064429283400784 0 93.25149845650539
355 15.77068264623117 0 93.12584585718781
356 14.63798351404444 0 3.593713101179155
357 10.47131684737777 0 3.593713101179155
358 15.93557071659922 0 6.748501543494612
359 9.229317353768835 0 6.874154142812202
360 20.8479809820891 0 87.19150789301395
361 20.8479809820891 0 82.19150789301395
362 17.92331380903137 0 88.91106685138091
363 20.86301800016854 0 76.61525131550236
364 20.86301800016854 0 71.61525131550238
365 16.71099898225764 0 78.8067592085163
366 21.67260360003371 0 67.32305026310054
367 21.67260360003371 0 62.32305026310055
368 17.53562160020225 0 68.93830157860285
369 20.66987298107782 0 57.50000000000011
370 20.66987298107782 0 52.50000000000011
371 17.34247658111153 0 59.82305026310055
372 21.63397459621556 0 47.5000000000001
373 21.63397459621556 0 42.50000000000009
374 17.30384757729338 0 50.0000000000001
375 20.6698729810778 0 37.50000000000007
376 20.6698729810778 0 32.50000000000007
377 17.30384757729336 0 40.00000000000008
378 20.90662222565794 0 26.78378995553848
379 20.90662222565794 0 21.78378995553847
380 16.57649520673574 0 29.28378995553848
381 21.48085935512749 0 17.00949894174681
382 21.48085935512749 0 12.0094989417468
383 17.38748158078543 0 18.79328889728524
384 18.61177989101562 0 10.16428738406225
385 3.51914064487252 0 82.99050105825324
386 3.51914064487252 0 87.99050105825324
387 6.388220108984397 0 89.83571261593778
388 4.093377774342056 0 73.21621004446163
389 4.093377774342056 0 78.21621004446162
390 7.612518419214576 0 81.20671110271483
391 4.330127018922171 0 62.5000000000001
392 4.330127018922171 0 67.50000000000007
393 8.423504793264229 0 70.71621004446165
394 3.366025403784437 0 52.5000000000001
395 3.366025403784437 0 57.5000000000001
396 7.696152422706609 0 60.00000000000009
397 4.330127018922196 0 42.50000000000009
398 4.330127018922196 0 47.5000000000001
399 7.696152422706634 0 50.00000000000009
400 3.32739639996629 0 32.6769497368996
401 3.32739639996629 0 37.67694973689961
402 7.657523418888486 0 40.17694973689962
403 4.136981999831454 0 23.38474868449773
404 4.136981999831454 0 28.38474868449774
405 7.464378399797743 0 31.06169842139728
406 4.15201901791092 0 12.80849210698609
407 4.15201901791092 0 17.80849210698611
408 8.289001017742372 0 21.1932407914838
409 7.076686190968656 0 11.08893314861913
410 14.54333080137801 0 88.59779479183479
411 9.714490464161425 0 89.39678795707408
412 11.86712162696162 0 85.18200895126716
413 10.45666919862202 0 11.40220520816524
414 15.28550953583859 0 10.60321204292595
415 13.13287837303841 0 14.81799104873288
416 12.69314501909072 0 69.11525131550239
417 13.50273061895588 0 64.82305026310055
418 12.4563957745106 0 74.83146135996395
419 12.44135875643116 0 80.40771793747554
420 12.49999999999999 0 60.0000000000001
421 11.53589838486225 0 55.0000000000001
422 12.50000000000001 0 50.0000000000001
423 13.46410161513776 0 45.00000000000009
424 12.5 0 40.00000000000008
425 11.49726938104409 0 35.1769497368996
426 12.30685498090925 0 30.88474868449774
427 12.5436042254894 0 25.16853864003615
428 12.55864124356886 0 19.59228206252453
429 0 12.60930036142219 92.81257379764169
430 0 12.39069963857781 7.18742620235831
431 0 8.273963999662911 73.2305026310047
432 0 8.660254037844364 55.00000000000011
433 0 8.660254037844398 35.00000000000007
434 0 16.33974596215566 65.00000000000009
435 0 16.33974596215561 45.00000000000009
436 0 16.72603600033709 26.76949736899541
437 0 16.69596196417816 15.61698421397217
438 0 8.304038035821801 84.38301578602788
439 0 17.96171871025496 85.98100211650646
440 0 7.038281289745022 14.01899788349359
441 0 6.654792799932586 64.64610052620101
442 0 16.81324445131589 76.43242008892321
443 0 18.26794919243113 55.0000000000001
444 0 6.732050807568874 45.00000000000009
445 0 18.34520720006742 35.35389947379915
446 0 8.186755548684113 23.56757991107689
447 0 5.849334346115466 93.43911791673392
448 0 19.26184107177625 93.6904231153691
449 0 19.15066565388452 6.560882083266094
450 0 5.738158928223746 6.309576884630907
451 0 22.13092053588812 96.84521155768455
452 0 17.96425386922147 96.84521155768455
453 0 22.13092053588812 91.84521155768456
454 0 7.091333839724408 96.71955895836696
455 0 2.924667173057733 96.71955895836696
456 0 2.924667173057733 91.71955895836697
457 0 17.90866616027559 3.280441041633047
458 0 22.07533282694226 3.280441041633047
459 0 22.07533282694226 8.280441041633054
460 0 2.869079464111874 3.15478844231545
461 0 7.03574613077853 3.15478844231545
462 0 2.869079464111874 8.154788442315464
463 0 14.63798351404444 96.40628689882084
464 0 10.47131684737777 96.40628689882084
465 0 15.93557071659922 93.25149845650539
466 0 9.229317353768826 93.12584585718781
467 0 10.36201648595556 3.593713101179155
468 0 14.52868315262223 3.593713101179155
469 0 9.064429283400777 6.748501543494612
470 0 15.77068264623117 6.874154142812202
471 0 4.1520190179109 87.19150789301395
472 0 4.1520190179109 82.19150789301395
473 0 7.076686190968633 88.91106685138091
474 0 4.136981999831455 76.61525131550236
475 0 4.136981999831455 71.61525131550238
476 0 8.289001017742356 78.8067592085163
477 0 3.327396399966293 67.32305026310054
478 0 3.327396399966293 62.32305026310055
479 0 7.464378399797749 68.93830157860285
480 0 4.330127018922182 57.50000000000011
481 0 4.330127018922182 52.50000000000011
482 0 7.657523418888475 59.82305026310055
483 0 3.366025403784437 47.5000000000001
484 0 3.366025403784437 42.50000000000009
485 0 7.69615242270662 50.0000000000001
486 0 4.330127018922198 37.50000000000007
487 0 4.330127018922198 32.50000000000007
488 0 7.696152422706636 40.00000000000008
489 0 4.093377774342056 26.78378995553848
490 0 4.093377774342056 21.78378995553847
491 0 8.423504793264255 29.28378995553848
492 0 3.519140644872511 17.00949894174681
493 0 3.519140644872511 12.0094989417468
494 0 7.612518419214568 18.79328889728524
495 0 6.388220108984385 10.16428738406225
496 0 21.48085935512748 82.99050105825324
497 0 21.48085935512748 87.99050105825324
498 0 18.6117798910156 89.83571261593778
499 0 20.90662222565794 73.21621004446163
500 0 20.90662222565794 78.21621004446162
501 0 17.38748158078543 81.20671110271483
502 0 20.66987298107783 62.5000000000001
503 0 20.66987298107783 67.50000000000007
504 0 16.57649520673577 70.71621004446165
505 0 21.63397459621556 52.5000000000001
506 0 21.63397459621556 57.5000000000001
507 0 17.30384757729339 60.00000000000009
508 0 20.6698729810778 42.50000000000009
509 0 20.6698729810778 47.5000000000001
510 0 17.30384757729337 50.00000000000009
511 0 21.67260360003371 32.6769497368996
512 0 21.67260360003371 37.67694973689961
513 0 17.34247658111151 40.17694973689962
514 0 20.86301800016854 23.38474868449773
515 0 20.86301800016854 28.38474868449774
516 0 17.53562160020225 31.06169842139728
517 0 20.84798098208908 12.80849210698609
518 0 20.84798098208908 17.80849210698611
519 0 16.71099898225763 21.1932407914838
520 0 17.92331380903134 11.08893314861913
521 0 10.45666919862199 88.59779479183479
522 0 15.28550953583857 89.39678795707408
523 0 13.13287837303838 85.18200895126716
524 0 14.54333080137798 11.40220520816524
525 0 9.714490464161415 10.60321204292595
526 0 11.86712162696159 14.81799104873288
527 0 12.30685498090928 69.11525131550239
528 0 11.49726938104412 64.82305026310055
529 0 12.5436042254894 74.83146135996395
530 0 12.55864124356884 80.40771793747554
531 0 12.50000000000001 60.0000000000001
532 0 13.46410161513775 55.0000000000001
533 0 12.49999999999999 50.0000000000001
534 0 11.53589838486224 45.00000000000009
535 0 12.5 40.00000000000008
536 0 13.50273061895591 35.1769497368996
537 0 12.69314501909075 30.88474868449774
538 0 12.4563957745106 25.16853864003615
539 0 12.44135875643114 19.59228206252453
540 12.60930036142219 25 92.81257379764169
541 12.39069963857781 25 7.187426202358317
542 16.33974596215566 25 65.00000000000009
543 7.462306991983879 25 45.00000000000009
544 16.72603600033709 25 26.76949736899541
545 8.273963999662909 25 73.2305026310047
546 8.660254037844398 25 55.0000000000001
547 8.660254037844396 25 35.00000000000007
548 16.69596196417816 25 15.61698421397218
549 8.304038035821794 25 84.3830157860279
550 17.96171871025496 25 85.98100211650646
551 7.038281289745022 25 14.01899788349359
552 6.654792799932594 25 64.64610052620101
553 16.81324445131589 25 76.43242008892321
554 18.51902655850193 25 55.0000000000001
555 16.34319859568479 25 45.00000000000009
556 18.34589772677326 25 35.35389947379915
557 8.186755548684111 25 23.5675799110769
558 5.849334346115466 25 93.43911791673392
559 19.26184107177625 25 93.6904231153691
560 19.15066565388452 25 6.560882083266101
561 5.738158928223746 25 6.309576884630907
562 22.13092053588812 25 96.84521155768455
563 17.96425386922147 25 96.84521155768455
564 22.13092053588812 25 91.84521155768456
565 7.091333839724408 25 96.71955895836696
566 2.924667173057733 25 96.71955895836696
567 2.924667173057733 25 91.71955895836697
568 2.869079464111874 25 3.15478844231545
569 7.03574613077853 25 3.15478844231545
570 2.869079464111874 25 8.154788442315464
571 17.90866616027559 25 3.280441041633054
572 22.07533282694226 25 3.280441041633054
573 22.07533282694226 25 8.280441041633054
574 14.63798351404444 25 96.40628689882084
575 10.47131684737777 25 96.40628689882084
576 15.93557071659922 25 93.25149845650539
577 9.229317353768826 25 93.12584585718781
578 10.36201648595556 25 3.593713101179162
579 14.52868315262223 25 3.593713101179162
580 9.064429283400777 25 6.748501543494612
581 15.77068264623117 25 6.874154142812209
582 21.48085935512748 25 82.99050105825324
583 21.48085935512748 25 87.99050105825324
584 18.6117798910156 25 89.83571261593778
585 20.90662222565794 25 73.21621004446163
586 20.90662222565794 25 78.21621004446162
587 17.38748158078543 25 81.20671110271483
588 20.66987298107783 25 62.50000000000009
589 20.66987298107783 25 67.50000000000007
590 16.57649520673577 25 70.71621004446165
591 21.75951327925096 25 52.5000000000001
592 21.75951327925096 25 57.5000000000001
593 17.42938626032879 25 60.00000000000009
594 20.6715992978424 25 42.50000000000009
595 20.6715992978424 25 47.5000000000001
596 17.43111257709336 25 50.00000000000009
597 21.67294886338663 25 32.6769497368996
598 21.67294886338663 25 37.67694973689961
599 17.34454816122902 25 40.17694973689962
600 20.86301800016854 25 23.38474868449773
601 20.86301800016854 25 28.38474868449774
602 17.53596686355517 25 31.06169842139728
603 20.84798098208908 25 12.80849210698609
604 20.84798098208908 25 17.80849210698611
605 16.71099898225762 25 21.1932407914838
606 17.92331380903134 25 11.08893314861914
607 4.152019017910897 25 87.19150789301395
608 4.152019017910897 25 82.19150789301396
609 7.07668619096863 25 88.91106685138091
610 4.136981999831455 25 76.61525131550236
611 4.136981999831455 25 71.61525131550238
612 8.289001017742351 25 78.8067592085163
613 3.327396399966297 25 67.32305026310054
614 3.327396399966297 25 62.32305026310055
615 7.464378399797751 25 68.93830157860285
616 4.330127018922198 25 57.5000000000001
617 4.330127018922198 25 52.5000000000001
618 7.657523418888496 25 59.82305026310055
619 3.73115349599194 25 47.5000000000001
620 3.73115349599194 25 42.50000000000009
621 8.061280514914138 25 50.00000000000009
622 4.330127018922198 25 37.50000000000007
623 4.330127018922198 25 32.50000000000007
624 8.061280514914138 25 40.00000000000009
625 4.093377774342056 25 26.78378995553848
626 4.093377774342056 25 21.78378995553847
627 8.423504793264254 25 29.28378995553848
628 3.519140644872511 25 17.00949894174681
629 3.519140644872511 25 12.0094989417468
630 7.612518419214567 25 18.79328889728524
631 6.388220108984385 25 10.16428738406225
632 10.45666919862199 25 88.59779479183479
633 15.28550953583857 25 89.39678795707408
634 13.13287837303838 25 85.18200895126718
635 14.54333080137798 25 11.40220520816525
636 9.714490464161415 25 10.60321204292595
637 11.86712162696159 25 14.81799104873289
638 12.30685498090928 25 69.11525131550239
639 11.49726938104413 25 64.82305026310055
640 12.5436042254894 25 74.83146135996395
641 12.50000000000003 25 60.00000000000009
642 13.58964029817316 25 55.0000000000001
643 12.5017263167646 25 50.00000000000009
644 11.90275279383434 25 45.00000000000009
645 12.50172631676459 25 40.00000000000009
646 12.69314501909074 25 30.88474868449774
647 13.50307588230883 25 35.17694973689961
648 12.4563957745106 25 25.16853864003615
649 12.44135875643113 25 19.59228206252454
650 12.55864124356884 25 80.40771793747555
651 12.60976018999341 12.50302913764619 12.44735091307177
652 12.60976018999342 12.49697086235381 87.55264908692824
653 12.5 12.5 69.30453083839066
654 12.5 12.5 30.69546916160945
655 12.50000000000001 12.5 50.00000000000011
656 21.63397459621556 4.330127018922196 45.00000000000009
657 20.6698729810778 4.330127018922196 40.00000000000009
658 14.41987298107781 6.249999999999998 42.50000000000009
659 18.75 10.58012701892219 47.5000000000001
660 15.38397459621557 6.249999999999998 47.5000000000001
661 4.330127018922196 4.330127018922199 40.00000000000009
662 4.330127018922196 3.366025403784437 45.00000000000009
663 10.5801270189222 6.249999999999998 47.5000000000001
664 6.250000000000003 9.616025403784436 47.5000000000001
665 6.250000000000003 10.5801270189222 42.50000000000009
666 4.330127018922171 4.330127018922182 60.0000000000001
667 3.366025403784437 4.330127018922182 55.0000000000001
668 6.250000000000003 10.58012701892218 52.50000000000011
669 9.616025403784439 6.249999999999998 52.50000000000011
670 10.58012701892217 6.249999999999998 57.5000000000001
671 20.66987298107782 3.366025403784437 55.0000000000001
672 20.66987298107782 4.330127018922171 60.0000000000001
673 18.75 10.58012701892217 57.5000000000001
674 14.41987298107782 6.249999999999998 52.50000000000011
675 18.75 9.616025403784436 52.50000000000011
676 20.6715992978424 21.63397459621556 45.00000000000009
677 20.6715992978424 20.6698729810778 40.00000000000008
678 18.75 14.4198729810778 42.50000000000009
679 14.4215992978424 18.75 47.5000000000001
680 18.75 15.38397459621556 47.5000000000001
681 4.330127018922199 21.63397459621556 55.0000000000001
682 4.330127018922199 20.66987298107783 60.00000000000009
683 6.250000000000003 14.41987298107783 57.5000000000001
684 10.5801270189222 18.75 52.50000000000011
685 6.250000000000003 15.38397459621556 52.50000000000011
686 21.75951327925096 20.66987298107782 55.0000000000001
687 20.66987298107783 20.66987298107782 60.0000000000001
688 15.50951327925097 18.75 52.50000000000011
689 14.41987298107783 18.75 57.5000000000001
690 18.75 14.41987298107782 52.50000000000011
691 20.66987298107783 21.67260360003371 64.82305026310055
692 18.75 15.42260360003371 66.97531568229584
693 18.75 14.41987298107782 62.15226541919539
694 14.41987298107783 18.75 67.15226541919537
695 4.330127018922171 3.327396399966293 64.82305026310055
696 6.25 9.577396399966293 66.97531568229584
697 6.25 10.58012701892218 62.15226541919539
698 10.58012701892217 6.249999999999999 67.15226541919537
699 21.67260360003371 4.330127018922171 64.82305026310055
700 15.42260360003371 6.249999999999999 66.97531568229584
701 14.41987298107782 6.249999999999999 62.15226541919539
702 18.75 10.58012701892217 67.15226541919537
703 3.32739639996629 4.330127018922199 35.17694973689961
704 6.25 10.5801270189222 32.84773458080476
705 9.57739639996629 6.249999999999998 33.0246843177043
706 10.5801270189222 6.249999999999998 37.84773458080477
707 20.6698729810778 3.32739639996629 35.17694973689961
708 18.75 10.58012701892219 37.84773458080477
709 14.4198729810778 6.249999999999998 32.84773458080476
710 18.75 9.577396399966288 33.0246843177043
711 3.327396399966297 20.66987298107783 64.82305026310055
712 10.5801270189222 18.75 62.15226541919538
713 6.25 14.41987298107783 67.15226541919537
714 9.577396399966297 18.75 66.97531568229584
715 21.67294886338663 20.6698729810778 35.17694973689961
716 15.42294886338663 18.75 33.0246843177043
717 14.4215992978424 18.75 37.84773458080477
718 18.75 14.4198729810778 32.84773458080476
719 4.330127018922198 21.67260360003371 35.17694973689961
720 4.330127018922198 20.6698729810778 40.00000000000009
721 6.25 15.42260360003371 33.0246843177043
722 6.25 14.4198729810778 37.84773458080477
723 10.5801270189222 18.75 32.84773458080476
724 6.304880094996709 10.38546743100836 80.39157585896646
725 10.39825786933877 6.248485431176904 81.99253458792572
726 4.093377774342057 4.136981999831455 74.83146135996395
727 6.25 10.38698199983146 71.26751673469768
728 10.34337777434206 6.249999999999999 72.86847546365694
729 12.55488009499671 12.4984854311769 78.42858996265946
730 6.304880094996706 14.61453256899164 19.60842414103359
731 10.39825786933876 18.7515145688231 18.00746541207434
732 4.093377774342056 20.86301800016854 25.16853864003615
733 6.25 14.61301800016854 28.73248326530243
734 10.34337777434206 18.75 27.13152453634317
735 12.55488009499671 12.50151456882309 21.57141003734061
736 10.44186209482816 18.7484854311769 80.39157585896646
737 6.304880094996709 14.65510765683485 81.99253458792572
738 4.136981999831455 20.90662222565794 74.83146135996395
739 10.38698199983146 18.75 71.26751673469768
740 6.25 14.65662222565794 72.86847546365694
741 4.136981999831454 4.093377774342057 25.16853864003615
742 10.44186209482816 6.251514568823096 19.60842414103359
743 6.304880094996706 10.34489234316515 18.00746541207433
744 6.25 10.34337777434206 27.13152453634317
745 10.38698199983145 6.249999999999998 28.73248326530243
746 20.86301800016854 4.093377774342057 74.83146135996395
747 14.66789809516525 6.248485431176904 80.39157585896646
748 18.80488009499671 10.34186320551896 81.99253458792572
749 18.75 10.34337777434206 72.86847546365694
750 14.61301800016854 6.249999999999999 71.26751673469768
751 20.86301800016854 20.90662222565794 25.16853864003615
752 14.66789809516525 18.7515145688231 19.60842414103359
753 18.8048800949967 14.65813679448104 18.00746541207434
754 18.75 14.65662222565794 27.13152453634317
755 14.61301800016854 18.75 28.73248326530243
756 18.80488009499671 14.61150343134545 80.39157585896646
757 14.71150232065465 18.7484854311769 81.99253458792572
758 20.90662222565794 20.86301800016854 74.83146135996395
759 18.75 14.61301800016854 71.26751673469768
760 14.65662222565794 18.75 72.86847546365694
761 18.8048800949967 10.38849656865455 19.60842414103359
762 14.71150232065465 6.251514568823096 18.00746541207433
763 20.90662222565794 4.136981999831454 25.16853864003615
764 18.75 10.38698199983145 28.73248326530243
765 14.65662222565794 6.249999999999998 27.13152453634317
766 4.093377774342056 20.84798098208908 19.59228206252454
767 6.304880094996706 14.59949555091218 14.03216756352197
768 4.093377774342057 4.1520190179109 80.40771793747555
769 6.304880094996709 10.4005044490878 85.96783243647806
770 4.152019017910919 4.093377774342057 19.59228206252453
771 10.45689911290762 6.251514568823096 14.03216756352197
772 4.152019017910897 20.90662222565794 80.40771793747555
773 10.45689911290761 18.7484854311769 85.96783243647806
774 20.84798098208908 20.90662222565794 19.59228206252454
775 14.65286107708578 18.7515145688231 14.03216756352198
776 20.8479809820891 4.093377774342057 80.40771793747555
777 14.65286107708581 6.248485431176904 85.96783243647806
778 10.5801270189222 18.75 42.50000000000009
779 9.981153495991942 18.75 47.5000000000001
780 20.90662222565794 4.152019017910922 19.59228206252454
781 18.8048800949967 10.40353358673402 14.03216756352198
782 20.90662222565794 20.8479809820891 80.40771793747555
783 18.80488009499671 14.59646641326601 85.96783243647806
784 3.028996935646068 19.10192360024206 96.84521155768455
785 2.924667173057733 22.13092053588812 93.56477051605151
786 5.9536641087038 21.97100306435394 96.71955895836696
787 9.333877030642777 15.71948849553084 93.77632454346411
788 9.229547268054443 18.7484854311769 90.49588350183109
789 6.304880094996709 15.87940596706503 90.62153610114868
790 5.953664108703805 3.028996935646064 3.280441041633047
791 3.028996935646068 5.898076399757937 3.154788442315454
792 2.924667173057737 2.869079464111873 6.4352294839485
793 9.229547268054443 6.251514568823096 9.504116498168933
794 6.304880094996706 9.120594032934969 9.37846389885134
795 9.333877030642775 9.28051150446916 6.223675456535886
796 3.028996935646071 5.953664108703808 96.71955895836696
797 5.898076399757948 3.028996935646076 96.84521155768455
798 2.869079464111877 2.924667173057733 93.56477051605151
799 6.304880094996709 9.173152604234637 90.49588350183109
800 9.173959559108585 6.248485431176904 90.62153610114868
801 9.33387703064278 9.27748236682298 93.77632454346411
802 3.028996935646072 19.04633589129619 3.280441041633047
803 5.898076399757945 21.97100306435392 3.154788442315454
804 2.869079464111873 22.07533282694226 6.4352294839485
805 6.304880094996706 15.82684739576536 9.504116498168933
806 9.17395955910858 18.7515145688231 9.37846389885134
807 9.333877030642778 15.72251763317702 6.223675456535886
808 3.028996935646071 9.333647116357168 96.40628689882084
809 3.09299897854869 12.55414532443673 96.40628689882084
810 9.397879073545399 12.49798057490255 93.77632454346411
811 6.304880094996709 12.553135611888 90.18261144228497
812 3.028996935646072 15.66635288364283 3.593713101179155
813 3.09299897854869 12.44585467556326 3.593713101179155
814 9.397879073545397 12.50201942509746 6.223675456535886
815 6.304880094996706 12.446864388112 9.817388557715041
816 6.250000000000003 14.4198729810778 47.5000000000001
817 21.97100306435393 19.0463358912962 96.71955895836696
818 19.10192360024205 21.97100306435393 96.84521155768455
819 22.13092053588812 22.07533282694227 93.56477051605151
820 18.80488009499671 15.82381825811917 90.49588350183109
821 15.93580063088483 18.7484854311769 90.62153610114868
822 15.77588315935064 15.71948849553083 93.77632454346411
823 19.10192360024205 3.028996935646076 3.154788442315454
824 22.13092053588813 2.924667173057738 6.435229483948504
825 21.97100306435393 5.953664108703814 3.280441041633051
826 15.77588315935063 9.280511504469171 6.223675456535886
827 18.8048800949967 9.176181741880836 9.504116498168937
828 15.93580063088483 6.251514568823096 9.37846389885134
829 19.0463358912962 3.028996935646062 96.71955895836696
830 21.97100306435393 5.898076399757938 96.84521155768455
831 22.07533282694227 2.869079464111877 93.56477051605151
832 15.88021292193898 6.248485431176904 90.49588350183109
833 18.80488009499671 9.117564895288782 90.62153610114868
834 15.77588315935064 9.277482366822966 93.77632454346411
835 21.97100306435393 19.10192360024206 3.154788442315454
836 22.07533282694226 22.13092053588813 6.435229483948504
837 19.0463358912962 21.97100306435394 3.280441041633051
838 15.77588315935064 15.72251763317703 6.223675456535886
839 15.88021292193897 18.7515145688231 9.504116498168937
840 18.8048800949967 15.88243510471122 9.37846389885134
841 12.5 12.5 59.65226541919539
842 12.5 12.5 40.34773458080478
843 21.97100306435393 15.66635288364283 96.40628689882084
844 21.90700102145131 12.44484496301454 96.40628689882084
845 15.71188111644802 12.49798057490253 93.77632454346411
846 18.80488009499671 12.44383525046581 90.18261144228497
847 21.97100306435393 9.333647116357172 3.593713101179159
848 21.90700102145131 12.55515503698547 3.593713101179159
849 15.71188111644802 12.50201942509747 6.223675456535886
850 18.8048800949967 12.55616474953419 9.817388557715045
851 9.224346754934977 3.028996935646076 96.40628689882084
852 12.50022991428562 6.248485431176904 90.18261144228497
853 9.224346754934976 21.97100306435392 3.593713101179159
854 12.50022991428561 18.7515145688231 9.817388557715045
855 21.97100306435393 9.224346754934968 96.40628689882084
856 21.97100306435393 15.77565324506503 3.593713101179159
857 15.77565324506502 21.97100306435393 96.40628689882084
858 12.6095302757078 18.7484854311769 90.18261144228497
859 15.77565324506502 3.028996935646076 3.593713101179155
860 12.6095302757078 6.251514568823096 9.817388557715041
861 2.924667173057733 21.48085935512748 89.71006001662019
862 6.304880094996709 15.22934478630438 86.76682560171736
863 2.924667173057737 3.519140644872511 10.28993998337984
864 6.304880094996706 9.770655213695608 13.23317439828268
865 3.51914064487252 2.924667173057733 89.71006001662019
866 9.824020739869228 6.248485431176904 86.76682560171736
867 3.519140644872511 22.07533282694226 10.28993998337984
868 9.824020739869217 18.7515145688231 13.23317439828268
869 21.48085935512748 22.07533282694227 89.71006001662019
870 15.28573945012419 18.7484854311769 86.76682560171736
871 21.48085935512749 2.924667173057738 10.28993998337985
872 15.2857394501242 6.251514568823096 13.23317439828268
873 22.07533282694226 21.48085935512749 10.28993998337985
874 18.8048800949967 15.23237392395059 13.23317439828268
875 22.07533282694227 3.51914064487252 89.71006001662019
876 18.80488009499671 9.767626076049424 86.76682560171736
877 12.4453498192889 21.31313280893973 3.593713101179159
878 12.5548800949967 15.06464737776283 6.223675456535886
879 12.4453498192889 3.686867191060268 96.40628689882084
880 12.5548800949967 9.935352622237172 93.77632454346411
881 15.82533282694225 21.31313280893973 3.280441041633051
882 12.55488009499671 9.941410897529558 6.223675456535886
883 12.55488009499672 15.05858910247044 93.77632454346411
884 4.152019017910919 3.519140644872511 14.81799104873288
885 4.152019017910897 21.48085935512748 85.18200895126718
886 3.519140644872511 20.84798098208908 14.81799104873288
887 3.51914064487252 4.1520190179109 85.18200895126716
888 12.5546501807111 21.31010367129354 96.40628689882084
889 12.5546501807111 3.689896328706461 3.593713101179155
890 21.48085935512749 4.152019017910922 14.81799104873289
891 21.48085935512748 20.8479809820891 85.18200895126718
892 20.84798098208908 21.48085935512749 14.81799104873289
893 20.8479809820891 3.51914064487252 85.18200895126716
894 3.731153495991939 20.6698729810778 45.00000000000009
895 3.731153495991939 21.63397459621556 50.00000000000009
896 3.366025403784437 3.366025403784437 50.00000000000009
897 21.63397459621556 3.366025403784437 50.00000000000009
898 21.75951327925096 21.63397459621556 50.0000000000001
899 20.66987298107783 20.86301800016854 69.11525131550239
900 4.136981999831455 20.66987298107783 69.11525131550239
901 20.86301800016854 4.330127018922171 69.11525131550239
902 4.330127018922171 4.136981999831455 69.11525131550239
903 20.86301800016854 20.6698729810778 30.88474868449774
904 20.6698729810778 4.136981999831454 30.88474868449774
905 4.136981999831454 4.330127018922199 30.88474868449774
906 4.330127018922198 20.86301800016854 30.88474868449774
907 3.09299897854869 9.119584320386233 3.154788442315454
908 3.09299897854869 15.88041567961376 96.84521155768455
909 15.66635288364284 3.028996935646062 96.40628689882084
910 9.333647116357159 21.97100306435394 96.40628689882084
911 9.333647116357165 3.028996935646064 3.593713101179155
$EndNodes
$Elements
464
1 9 2 14 1 9 130 1 133 134 11
2 9 2 14 1 1 130 25 134 135 28
3 9 2 14 1 2 131 10 136 137 13
4 9 2 14 1 14 131 2 138 136 16
5 9 2 14 1 3 129 15 139 140 18
6 9 2 14 1 19 129 3 141 139 21
7 9 2 14 1 4 132 20 142 143 23
8 9 2 14 1 24 132 4 144 142 26
9 9 2 14 1 10 125 9 145 146 12
10 9 2 14 1 125 130 9 147 133 146
11 9 2 14 1 10 131 125 137 148 145
12 9 2 14 1 15 127 14 149 150 17
13 9 2 14 1 127 131 14 151 138 150
14 9 2 14 1 15 129 127 140 152 149
15 9 2 14 1 20 126 19 153 154 22
16 9 2 14 1 126 129 19 155 141 154
17 9 2 14 1 20 132 126 143 156 153
18 9 2 14 1 25 128 24 157 158 27
19 9 2 14 1 128 132 24 159 144 158
20 9 2 14 1 25 130 128 135 160 157
21 9 2 14 1 125 127 126 161 162 163
22 9 2 14 1 126 128 125 164 165 163
23 9 2 14 1 125 131 127 148 151 161
24 9 2 14 1 128 130 125 160 147 165
25 9 2 14 1 127 129 126 152 155 162
26 9 2 14 1 126 132 128 156 159 164
27 9 2 13 2 5 29 170 31 174 175
28 9 2 13 2 45 5 170 48 175 176
29 9 2 13 2 30 6 172 33 177 178
30 9 2 13 2 6 34 172 36 179 177
31 9 2 13 2 35 7 171 38 180 181
32 9 2 13 2 7 39 171 41 182 180
33 9 2 13 2 40 8 173 43 183 184
34 9 2 13 2 8 44 173 46 185 183
35 9 2 13 2 29 30 167 32 186 187
36 9 2 13 2 29 167 170 187 188 174
37 9 2 13 2 167 30 172 186 178 189
38 9 2 13 2 34 35 169 37 190 191
39 9 2 13 2 34 169 172 191 192 179
40 9 2 13 2 169 35 171 190 181 193
41 9 2 13 2 39 40 166 42 194 195
42 9 2 13 2 39 166 171 195 196 182
43 9 2 13 2 166 40 173 194 184 197
44 9 2 13 2 44 45 168 47 198 199
45 9 2 13 2 44 168 173 199 200 185
46 9 2 13 2 168 45 170 198 176 201
47 9 2 13 2 167 166 168 202 203 204
48 9 2 13 2 166 167 169 202 205 206
49 9 2 13 2 168 166 173 203 197 200
50 9 2 13 2 166 169 171 206 193 196
51 9 2 13 2 167 168 170 204 201 188
52 9 2 13 2 169 167 172 205 189 192
53 11 2 15 1 322 333 210 655 377 656 657 658 659 660
54 11 2 15 1 324 433 444 655 661 488 662 663 664 665
55 11 2 15 1 432 323 332 655 666 396 667 668 669 670
56 11 2 15 1 209 221 321 655 260 671 672 673 674 675
57 11 2 15 1 214 222 555 655 291 676 677 678 679 680
58 11 2 15 1 434 443 546 655 507 681 682 683 684 685
59 11 2 15 1 554 212 542 655 686 687 593 688 689 690
60 11 2 15 1 219 542 212 653 691 687 285 692 693 694
61 11 2 15 1 441 323 432 653 695 666 482 696 697 698
62 11 2 15 1 330 209 321 653 699 672 371 700 701 702
63 11 2 15 1 433 324 334 654 661 402 703 704 705 706
64 11 2 15 1 210 223 322 654 266 707 657 708 709 710
65 11 2 15 1 546 552 434 653 618 711 682 712 713 714
66 11 2 15 1 556 214 555 654 715 677 599 716 717 718
67 11 2 15 1 445 547 435 654 719 720 513 721 722 723
68 11 2 15 1 431 652 331 653 724 725 726 727 728 729
69 11 2 15 1 436 651 557 654 730 731 732 733 734 735
70 11 2 15 1 545 652 442 653 736 737 738 739 740 729
71 11 2 15 1 446 325 651 654 741 742 743 744 735 745
72 11 2 15 1 220 320 652 653 746 747 748 749 729 750
73 11 2 15 1 224 544 651 654 751 752 753 754 735 755
74 11 2 15 1 213 652 553 653 756 757 758 759 760 729
75 11 2 15 1 211 651 335 654 761 762 763 764 765 735
76 11 2 15 1 557 436 437 651 732 519 766 731 767 730
77 11 2 15 1 438 331 431 652 768 726 476 769 724 725
78 11 2 15 1 325 327 446 651 408 770 741 742 743 771
79 11 2 15 1 545 549 442 652 612 772 738 736 737 773
80 11 2 15 1 431 442 652 653 529 737 724 727 729 740
81 11 2 15 1 446 651 436 654 743 730 538 744 733 735
82 11 2 15 1 545 553 652 653 640 757 736 739 729 760
83 11 2 15 1 335 651 325 654 762 742 427 765 745 735
84 11 2 15 1 548 224 544 651 774 751 605 775 752 753
85 11 2 15 1 326 220 320 652 776 746 365 777 747 748
86 11 2 15 1 547 555 543 655 645 644 624 778 779 679
87 11 2 15 1 331 652 320 653 725 747 418 728 750 729
88 11 2 15 1 544 557 651 654 648 731 752 755 735 734
89 11 2 15 1 215 335 211 651 780 763 272 781 761 762
90 11 2 15 1 553 213 216 652 758 279 782 757 783 756
91 11 2 15 1 220 652 213 653 748 756 309 749 759 729
92 11 2 15 1 224 651 211 654 753 761 315 754 764 735
93 11 2 15 1 437 436 446 651 519 538 539 767 743 730
94 11 2 15 1 442 438 431 652 530 476 529 737 724 769
95 11 2 15 1 325 335 327 651 427 428 408 742 771 762
96 11 2 15 1 545 553 549 652 640 650 612 736 773 757
97 11 2 15 1 548 544 557 651 605 648 649 775 731 752
98 11 2 15 1 331 326 320 652 419 365 418 725 747 777
99 11 2 15 1 224 215 211 651 316 272 315 753 761 781
100 11 2 15 1 216 213 220 652 279 309 317 783 748 756
101 11 2 15 1 131 448 558 652 784 785 786 787 788 789
102 11 2 15 1 338 173 450 651 790 791 792 793 794 795
103 11 2 15 1 447 129 337 652 796 797 798 799 800 801
104 11 2 15 1 449 170 561 651 802 803 804 805 806 807
105 11 2 15 1 129 429 127 652 808 809 152 801 810 811
106 11 2 15 1 170 430 168 651 812 813 201 807 814 815
107 11 2 15 1 433 435 444 655 535 534 488 665 664 816
108 11 2 15 1 322 324 333 655 424 423 377 658 660 663
109 11 2 15 1 214 210 222 655 312 311 291 678 680 659
110 11 2 15 1 434 432 443 655 531 532 507 683 685 668
111 11 2 15 1 323 321 332 655 420 421 396 670 669 674
112 11 2 15 1 209 212 221 655 305 307 260 673 675 690
113 11 2 15 1 225 130 559 652 817 818 819 820 821 822
114 11 2 15 1 171 339 227 651 823 824 825 826 827 828
115 11 2 15 1 336 132 226 652 829 830 831 832 833 834
116 11 2 15 1 172 228 560 651 835 836 837 838 839 840
117 11 2 15 1 554 542 546 655 593 641 642 688 684 689
118 11 2 15 1 212 653 542 655 693 694 687 690 689 841
119 11 2 15 1 432 653 323 655 697 698 666 668 670 841
120 11 2 15 1 209 321 653 655 672 701 702 673 841 674
121 11 2 15 1 322 210 654 655 657 708 709 658 842 659
122 11 2 15 1 324 654 433 655 706 704 661 663 665 842
123 11 2 15 1 434 546 653 655 682 712 713 683 841 684
124 11 2 15 1 214 555 654 655 677 717 718 678 842 679
125 11 2 15 1 128 130 207 652 160 843 844 845 846 822
126 11 2 15 1 169 171 208 651 193 847 848 849 850 826
127 11 2 15 1 129 318 337 652 851 354 797 801 800 852
128 11 2 15 1 561 170 541 651 803 853 580 806 854 807
129 11 2 15 1 132 128 207 652 159 844 855 834 846 845
130 11 2 15 1 169 208 172 651 848 856 192 849 838 850
131 11 2 15 1 559 130 540 652 818 857 576 821 858 822
132 11 2 15 1 171 319 339 651 859 358 823 826 828 860
133 11 2 15 1 172 208 228 651 856 247 835 838 840 850
134 11 2 15 1 132 207 226 652 855 243 830 834 833 846
135 11 2 15 1 323 330 321 653 417 371 420 698 701 700
136 11 2 15 1 219 212 209 653 285 305 306 692 702 693
137 11 2 15 1 441 432 434 653 482 531 528 696 713 697
138 11 2 15 1 210 214 223 654 312 313 266 708 710 718
139 11 2 15 1 445 435 433 654 513 535 536 721 704 722
140 11 2 15 1 324 322 334 654 424 425 402 706 705 709
141 11 2 15 1 556 555 547 654 599 645 647 716 723 717
142 11 2 15 1 546 542 552 653 641 639 618 712 714 694
143 11 2 15 1 209 653 212 655 702 693 305 673 690 841
144 11 2 15 1 434 653 432 655 713 697 531 683 668 841
145 11 2 15 1 323 653 321 655 698 701 420 670 674 841
146 11 2 15 1 214 654 210 655 718 708 312 678 659 842
147 11 2 15 1 322 654 324 655 709 706 424 658 663 842
148 11 2 15 1 433 654 435 655 704 722 535 665 816 842
149 11 2 15 1 542 653 546 655 694 712 641 689 684 841
150 11 2 15 1 547 654 555 655 723 717 645 778 679 842
151 11 2 15 1 129 447 429 652 796 466 808 801 811 799
152 11 2 15 1 170 449 430 651 802 470 812 807 815 805
153 11 2 15 1 439 558 448 652 861 785 498 862 789 788
154 11 2 15 1 440 338 450 651 863 792 495 864 794 793
155 11 2 15 1 447 337 328 652 798 387 865 799 866 800
156 11 2 15 1 551 449 561 651 867 804 631 868 806 805
157 11 2 15 1 225 207 130 652 244 843 817 820 822 846
158 11 2 15 1 227 208 171 651 248 847 825 827 826 850
159 11 2 15 1 550 225 559 652 869 819 584 870 821 820
160 11 2 15 1 227 339 329 651 824 384 871 827 872 828
161 11 2 15 1 218 560 228 651 873 836 298 874 840 839
162 11 2 15 1 336 226 217 652 831 251 875 832 876 833
163 11 2 15 1 541 170 167 651 853 188 877 854 878 807
164 11 2 15 1 129 126 318 652 155 879 851 801 852 880
165 11 2 15 1 167 172 560 651 189 837 881 878 839 838
166 11 2 15 1 168 173 166 651 200 197 203 814 882 795
167 11 2 15 1 125 127 131 652 161 151 148 883 787 810
168 11 2 15 1 170 168 167 651 201 204 188 807 878 814
169 11 2 15 1 129 127 126 652 152 162 155 801 880 810
170 11 2 15 1 327 440 446 651 884 494 770 771 743 864
171 11 2 15 1 549 439 442 652 885 501 772 773 737 862
172 11 2 15 1 551 557 437 651 630 766 886 868 767 731
173 11 2 15 1 328 331 438 652 390 768 887 866 769 725
174 11 2 15 1 540 130 125 652 857 147 888 858 883 822
175 11 2 15 1 319 171 166 651 859 196 889 860 882 826
176 11 2 15 1 215 329 335 651 890 383 780 781 762 872
177 11 2 15 1 553 216 550 652 782 891 587 757 870 783
178 11 2 15 1 548 218 224 651 892 297 774 775 753 874
179 11 2 15 1 220 326 217 652 776 893 254 748 876 777
180 11 2 15 1 169 166 171 651 206 196 193 849 826 882
181 11 2 15 1 125 130 128 652 147 160 165 883 845 822
182 11 2 15 1 169 172 167 651 192 189 205 849 878 838
183 11 2 15 1 132 126 128 652 156 164 159 834 845 880
184 11 2 15 1 440 450 430 651 495 469 525 864 815 794
185 11 2 15 1 439 448 429 652 498 465 522 862 811 789
186 11 2 15 1 337 318 328 652 354 411 387 800 866 852
187 11 2 15 1 541 551 561 651 636 631 580 854 806 868
188 11 2 15 1 167 560 541 651 881 581 877 878 854 839
189 11 2 15 1 329 339 319 651 384 358 414 872 860 828
190 11 2 15 1 540 550 559 652 633 584 576 858 821 870
191 11 2 15 1 218 228 208 651 298 247 303 874 850 840
192 11 2 15 1 226 207 217 652 243 300 251 833 876 846
193 11 2 15 1 440 437 446 651 526 539 494 864 743 767
194 11 2 15 1 439 438 442 652 523 530 501 862 737 769
195 11 2 15 1 551 548 557 651 637 649 630 868 731 775
196 11 2 15 1 328 326 331 652 412 419 390 866 725 777
197 11 2 15 1 327 335 329 651 428 383 415 771 872 762
198 11 2 15 1 553 550 549 652 587 634 650 757 773 870
199 11 2 15 1 218 215 224 651 304 316 297 874 753 781
200 11 2 15 1 220 217 216 652 254 301 317 748 783 876
201 11 2 15 1 437 449 551 651 520 867 886 767 868 805
202 11 2 15 1 438 447 328 652 473 865 887 769 866 799
203 11 2 15 1 549 558 439 652 609 861 885 773 862 788
204 11 2 15 1 440 327 338 651 884 409 863 864 793 771
205 11 2 15 1 560 218 548 651 873 892 606 839 775 874
206 11 2 15 1 336 217 326 652 875 893 362 832 777 876
207 11 2 15 1 215 227 329 651 273 871 890 781 872 827
208 11 2 15 1 216 225 550 652 276 869 891 783 870 820
209 11 2 15 1 438 429 447 652 521 466 473 769 799 811
210 11 2 15 1 430 449 437 651 470 520 524 815 767 805
211 11 2 15 1 549 540 558 652 632 577 609 773 788 858
212 11 2 15 1 327 319 338 651 413 359 409 771 793 860
213 11 2 15 1 336 326 318 652 362 410 355 832 852 777
214 11 2 15 1 541 560 548 651 581 606 635 854 775 839
215 11 2 15 1 207 225 216 652 244 276 299 846 783 820
216 11 2 15 1 208 227 215 651 248 273 302 850 781 827
217 11 2 15 1 167 168 166 651 204 203 202 878 882 814
218 11 2 15 1 125 126 127 652 163 162 161 883 810 880
219 11 2 15 1 167 166 169 651 202 206 205 878 849 882
220 11 2 15 1 128 126 125 652 164 163 165 845 883 880
221 11 2 15 1 443 435 543 655 510 894 895 685 779 816
222 11 2 15 1 443 543 546 655 895 621 681 685 684 779
223 11 2 15 1 432 332 444 655 667 896 485 668 664 669
224 11 2 15 1 444 332 324 655 896 399 662 664 663 669
225 11 2 15 1 221 333 321 655 897 374 671 675 674 660
226 11 2 15 1 221 210 333 655 263 656 897 675 660 659
227 11 2 15 1 222 554 555 655 898 596 676 680 679 688
228 11 2 15 1 222 212 554 655 288 686 898 680 688 690
229 11 2 15 1 430 437 440 651 524 526 525 815 864 767
230 11 2 15 1 429 438 439 652 521 523 522 811 862 769
231 11 2 15 1 435 543 110 443 894 619 509 510 505 895
232 11 2 15 1 542 219 213 653 691 282 899 694 759 692
233 11 2 15 1 552 545 434 653 615 900 711 714 713 739
234 11 2 15 1 320 209 330 653 901 699 368 750 700 702
235 11 2 15 1 431 323 441 653 902 695 479 727 696 698
236 11 2 15 1 544 214 556 654 903 715 602 755 716 718
237 11 2 15 1 211 322 223 654 904 707 269 764 710 709
238 11 2 15 1 334 325 433 654 405 905 703 705 704 745
239 11 2 15 1 445 436 547 654 516 906 719 721 723 733
240 11 2 15 1 541 548 551 651 635 637 636 854 868 775
241 11 2 15 1 318 326 328 652 410 412 411 852 866 777
242 11 2 15 1 329 319 327 651 414 413 415 872 771 860
243 11 2 15 1 540 549 550 652 632 634 633 858 870 773
244 11 2 15 1 443 543 110 546 895 619 505 681 617 621
245 11 2 15 1 208 215 218 651 302 304 303 850 874 781
246 11 2 15 1 207 216 217 652 299 301 300 846 876 783
247 11 2 15 1 331 323 431 653 393 902 726 728 727 698
248 11 2 15 1 542 213 553 653 899 758 590 694 760 759
249 11 2 15 1 434 545 442 653 900 738 504 713 740 739
250 11 2 15 1 220 209 320 653 257 901 746 749 750 702
251 11 2 15 1 335 322 211 654 380 904 763 765 764 709
252 11 2 15 1 214 544 224 654 903 751 294 718 754 755
253 11 2 15 1 446 433 325 654 491 905 741 744 745 704
254 11 2 15 1 557 547 436 654 627 906 732 734 733 723
255 11 2 15 1 432 91 444 332 481 483 485 667 896 394
256 11 2 15 1 333 210 221 53 656 263 897 372 258 262
257 11 2 15 1 91 324 444 332 398 662 483 394 896 399
258 11 2 15 1 221 321 333 53 671 374 897 258 372 370
259 11 2 15 1 222 554 72 555 898 591 286 676 595 596
260 11 2 15 1 212 554 72 222 686 591 284 288 286 898
261 11 2 15 1 44 450 173 168 461 791 185 199 200 907
262 11 2 15 1 448 131 14 127 784 138 452 908 150 151
263 11 2 15 1 209 213 219 653 308 282 306 702 692 759
264 11 2 15 1 552 542 545 653 639 638 615 714 739 694
265 11 2 15 1 431 441 434 653 479 528 527 727 713 696
266 11 2 15 1 320 330 323 653 368 417 416 750 698 700
267 11 2 15 1 211 223 214 654 269 313 314 764 718 710
268 11 2 15 1 445 433 436 654 536 537 516 721 733 704
269 11 2 15 1 334 322 325 654 425 426 405 705 745 709
270 11 2 15 1 544 556 547 654 602 647 646 755 723 716
271 11 2 15 1 214 544 556 74 903 602 715 290 597 601
272 11 2 15 1 211 223 322 55 269 707 904 268 376 264
273 11 2 15 1 334 325 93 433 405 404 400 703 487 905
274 11 2 15 1 213 542 70 219 899 589 278 282 280 691
275 11 2 15 1 89 441 431 323 477 479 475 392 902 695
276 11 2 15 1 209 320 330 51 901 368 699 256 366 364
277 11 2 15 1 434 545 552 108 900 615 711 503 613 611
278 11 2 15 1 112 547 445 436 623 719 511 515 516 906
279 11 2 15 1 331 320 323 653 418 416 393 728 698 750
280 11 2 15 1 220 213 209 653 309 308 257 749 702 759
281 11 2 15 1 542 553 545 653 590 640 638 694 739 760
282 11 2 15 1 434 442 431 653 504 529 527 713 727 740
283 11 2 15 1 335 325 322 654 427 426 380 765 709 745
284 11 2 15 1 446 436 433 654 538 537 491 744 704 733
285 11 2 15 1 214 224 211 654 294 315 314 718 764 754
286 11 2 15 1 557 544 547 654 648 646 627 734 723 755
287 11 2 15 1 546 555 554 655 643 596 642 684 688 679
288 11 2 15 1 322 335 211 55 380 763 904 376 268 378
289 11 2 15 1 214 544 74 224 903 601 290 294 292 751
290 11 2 15 1 433 325 93 446 905 404 487 491 489 741
291 11 2 15 1 323 431 89 331 902 475 392 393 388 726
292 11 2 15 1 51 209 320 220 256 901 364 252 746 257
293 11 2 15 1 434 545 108 442 900 611 503 504 499 738
294 11 2 15 1 542 70 553 213 589 585 590 899 758 278
295 11 2 15 1 547 112 557 436 623 625 627 906 732 515
296 11 2 15 1 429 448 14 127 465 452 463 809 150 908
297 11 2 15 1 450 44 430 168 461 467 469 907 813 199
298 11 2 15 1 443 432 435 655 532 533 510 685 816 668
299 11 2 15 1 435 432 444 655 533 485 534 816 664 668
300 11 2 15 1 212 210 221 655 310 263 307 690 675 659
301 11 2 15 1 324 332 321 655 399 421 422 663 674 669
302 11 2 15 1 222 210 212 655 311 310 288 680 690 659
303 11 2 15 1 321 333 324 655 374 423 422 674 663 660
304 11 2 15 1 75 548 218 224 604 892 295 293 297 774
305 11 2 15 1 437 557 551 113 766 630 886 518 628 626
306 11 2 15 1 440 94 327 446 492 407 884 494 770 490
307 11 2 15 1 329 215 335 56 890 780 383 381 379 271
308 11 2 15 1 107 549 439 442 608 885 496 500 501 772
309 11 2 15 1 438 88 331 328 472 389 768 887 390 385
310 11 2 15 1 216 553 550 69 782 587 891 275 582 586
311 11 2 15 1 217 50 326 220 249 361 893 254 776 253
312 11 2 15 1 546 543 555 655 621 644 643 684 679 779
313 11 2 15 1 337 129 19 318 797 141 341 354 352 851
314 11 2 15 1 29 541 561 170 578 580 569 174 803 853
315 11 2 15 1 9 540 559 130 574 576 563 133 818 857
316 11 2 15 1 319 39 171 339 356 182 859 358 823 347
317 11 2 15 1 437 557 113 436 766 626 518 519 514 732
318 11 2 15 1 215 211 335 56 272 763 780 271 379 267
319 11 2 15 1 548 75 544 224 604 600 605 774 751 293
320 11 2 15 1 94 325 327 446 403 408 407 490 770 741
321 11 2 15 1 438 88 431 331 472 474 476 768 726 389
322 11 2 15 1 549 107 545 442 608 610 612 772 738 500
323 11 2 15 1 50 320 326 220 363 365 361 253 776 746
324 11 2 15 1 216 553 69 213 782 586 275 279 277 758
325 11 2 15 1 318 20 336 132 353 343 355 909 829 143
326 11 2 15 1 10 131 558 540 137 786 565 575 577 910
327 11 2 15 1 40 173 338 319 184 790 349 357 359 911
328 11 2 15 1 448 106 558 439 453 567 785 498 861 497
329 11 2 15 1 68 559 550 225 564 584 583 231 869 819
330 11 2 15 1 49 336 226 217 345 831 234 250 251 875
331 11 2 15 1 95 338 450 440 351 792 462 493 495 863
332 11 2 15 1 114 561 551 449 570 631 629 459 867 804
333 11 2 15 1 447 337 87 328 798 342 456 865 386 387
334 11 2 15 1 228 76 560 218 237 573 836 298 873 296
335 11 2 15 1 339 227 329 57 824 871 384 348 382 240
336 11 2 15 1 20 318 126 132 353 879 153 143 156 909
337 11 2 15 1 131 10 125 540 137 145 148 910 888 575
338 11 2 15 1 173 40 166 319 184 194 197 911 889 357
339 11 2 15 1 318 129 19 126 851 141 352 879 154 155
340 11 2 15 1 29 541 170 167 578 853 174 187 188 877
341 11 2 15 1 540 9 125 130 574 146 888 857 147 133
342 11 2 15 1 319 39 166 171 356 195 889 859 196 182
343 11 2 15 1 338 95 327 440 351 406 409 863 884 493
344 11 2 15 1 548 560 76 218 606 573 603 892 296 873
345 11 2 15 1 227 215 329 57 273 890 871 240 382 270
346 11 2 15 1 551 437 114 449 886 517 629 867 459 520
347 11 2 15 1 87 438 447 328 471 473 456 386 865 887
348 11 2 15 1 336 49 326 217 345 360 362 875 893 250
349 11 2 15 1 549 558 106 439 609 567 607 885 497 861
350 11 2 15 1 550 216 68 225 891 274 583 869 231 276
351 11 2 15 1 429 14 15 127 463 17 464 809 149 150
352 11 2 15 1 25 24 128 207 27 158 157 242 844 241
353 11 2 15 1 45 430 44 168 468 467 47 198 199 813
354 11 2 15 1 35 34 169 208 37 191 190 246 848 245
355 11 2 15 1 125 10 9 540 145 12 146 888 574 575
356 11 2 15 1 39 166 40 319 195 194 42 356 357 889
357 11 2 15 1 318 19 20 126 352 22 353 879 153 154
358 11 2 15 1 541 29 30 167 578 32 579 877 186 187
359 11 2 15 1 1 559 225 130 562 819 230 134 817 818
360 11 2 15 1 129 3 447 337 139 455 796 797 798 340
361 11 2 15 1 448 2 131 558 451 136 784 785 786 566
362 11 2 15 1 132 4 336 226 142 344 829 830 831 232
363 11 2 15 1 228 6 172 560 235 177 835 836 837 572
364 11 2 15 1 5 561 449 170 568 804 458 175 802 803
365 11 2 15 1 7 227 171 339 239 825 180 346 823 824
366 11 2 15 1 173 8 338 450 183 350 790 791 792 460
367 11 2 15 1 543 110 111 435 619 120 620 894 508 509
368 11 2 15 1 112 113 557 436 122 626 625 515 732 514
369 11 2 15 1 75 74 544 224 84 601 600 293 751 292
370 11 2 15 1 55 335 211 56 378 763 268 65 267 379
371 11 2 15 1 94 93 325 446 103 404 403 490 741 489
372 11 2 15 1 107 108 545 442 117 611 610 500 738 499
373 11 2 15 1 88 89 431 331 98 475 474 389 726 388
374 11 2 15 1 70 69 553 213 79 586 585 278 758 277
375 11 2 15 1 50 51 320 220 60 364 363 253 746 252
376 11 2 15 1 56 329 215 57 381 890 271 66 270 382
377 11 2 15 1 95 94 327 440 104 407 406 493 884 492
378 11 2 15 1 548 76 75 218 603 85 604 892 295 296
379 11 2 15 1 114 437 551 113 517 886 629 123 628 518
380 11 2 15 1 88 438 87 328 472 471 97 385 386 887
381 11 2 15 1 49 50 326 217 59 361 360 250 893 249
382 11 2 15 1 68 216 550 69 274 891 583 78 582 275
383 11 2 15 1 549 106 107 439 607 116 608 885 496 497
384 11 2 15 1 131 14 2 448 138 16 136 784 451 452
385 11 2 15 1 24 4 132 226 26 142 144 233 830 232
386 11 2 15 1 172 34 6 228 179 36 177 835 235 236
387 11 2 15 1 450 173 8 44 791 183 460 461 46 185
388 11 2 15 1 19 3 129 337 21 139 141 341 797 340
389 11 2 15 1 561 5 29 170 568 31 569 803 174 175
390 11 2 15 1 559 1 9 130 562 11 563 818 133 134
391 11 2 15 1 171 39 7 339 182 41 180 823 346 347
392 11 2 15 1 225 25 1 130 229 28 230 817 134 135
393 11 2 15 1 447 15 3 129 454 18 455 796 139 140
394 11 2 15 1 449 45 5 170 457 48 458 802 175 176
395 11 2 15 1 35 7 227 171 38 239 238 181 825 180
396 11 2 15 1 92 324 444 91 397 662 484 101 483 398
397 11 2 15 1 210 333 54 53 656 373 261 262 63 372
398 11 2 15 1 321 221 52 53 671 259 369 370 62 258
399 11 2 15 1 90 91 432 332 100 481 480 395 667 394
400 11 2 15 1 546 110 443 109 617 505 681 616 506 119
401 11 2 15 1 555 72 222 73 595 286 676 594 287 82
402 11 2 15 1 336 20 4 132 343 23 344 829 142 143
403 11 2 15 1 6 30 172 560 33 178 177 572 837 571
404 11 2 15 1 2 10 131 558 13 137 136 566 786 565
405 11 2 15 1 173 338 8 40 790 350 183 184 43 349
406 11 2 15 1 334 93 92 433 400 102 401 703 486 487
407 11 2 15 1 54 322 223 55 375 707 265 64 264 376
408 11 2 15 1 52 209 330 51 255 699 367 61 366 256
409 11 2 15 1 542 71 70 219 588 80 589 691 280 281
410 11 2 15 1 109 434 552 108 502 711 614 118 613 503
411 11 2 15 1 89 90 441 323 99 478 477 392 695 391
412 11 2 15 1 73 214 556 74 289 715 598 83 597 290
413 11 2 15 1 547 111 112 445 622 121 623 719 511 512
414 11 2 15 1 554 72 71 212 591 81 592 686 283 284
415 11 2 15 1 106 2 448 558 115 451 453 567 785 566
416 11 2 15 1 1 559 68 225 562 564 77 230 231 819
417 11 2 15 1 336 4 49 226 344 58 345 831 234 232
418 11 2 15 1 3 447 337 87 455 798 340 96 342 456
419 11 2 15 1 5 561 114 449 568 570 124 458 459 804
420 11 2 15 1 76 6 228 560 86 235 237 573 836 572
421 11 2 15 1 7 227 339 57 239 824 346 67 348 240
422 11 2 15 1 8 95 338 450 105 351 350 460 792 462
423 11 2 15 1 655 547 435 543 778 720 816 779 894 624
424 11 2 15 1 655 435 547 654 816 720 778 842 723 722
425 11 2 15 1 547 435 111 445 720 508 622 719 512 513
426 11 2 15 1 111 435 547 543 508 720 622 620 624 894
427 11 2 15 1 322 210 54 223 657 261 375 707 265 266
428 11 2 15 1 322 54 210 333 375 261 657 377 656 373
429 11 2 15 1 433 324 92 334 661 397 486 703 401 402
430 11 2 15 1 433 92 324 444 486 397 661 488 662 484
431 11 2 15 1 323 432 90 441 666 480 391 695 478 482
432 11 2 15 1 90 432 323 332 480 666 391 395 396 667
433 11 2 15 1 321 209 52 221 672 255 369 671 259 260
434 11 2 15 1 52 209 321 330 255 672 369 367 371 699
435 11 2 15 1 546 434 109 443 682 502 616 681 506 507
436 11 2 15 1 546 109 434 552 616 502 682 618 711 614
437 11 2 15 1 555 214 73 222 677 289 594 676 287 291
438 11 2 15 1 555 73 214 556 594 289 677 599 715 598
439 11 2 15 1 212 542 71 554 687 588 283 686 592 593
440 11 2 15 1 212 71 542 219 283 588 687 285 691 281
441 11 2 15 1 540 131 652 125 910 787 858 888 883 148
442 11 2 15 1 540 652 131 558 858 787 910 577 786 788
443 11 2 15 1 319 173 651 166 911 795 860 889 882 197
444 11 2 15 1 319 651 173 338 860 795 911 359 790 793
445 11 2 15 1 132 318 652 336 909 852 834 829 832 355
446 11 2 15 1 132 652 318 126 834 852 909 156 879 880
447 11 2 15 1 167 560 30 541 881 571 186 877 579 581
448 11 2 15 1 167 30 560 172 186 571 881 189 837 178
449 11 2 15 1 430 170 45 449 812 176 468 470 457 802
450 11 2 15 1 45 170 430 168 176 812 468 198 813 201
451 11 2 15 1 429 129 15 447 808 140 464 466 454 796
452 11 2 15 1 15 129 429 127 140 808 464 149 809 152
453 11 2 15 1 171 208 35 169 847 246 181 193 190 848
454 11 2 15 1 171 35 208 227 181 246 847 825 248 238
455 11 2 15 1 207 130 25 225 843 135 242 244 229 817
456 11 2 15 1 25 130 207 128 135 843 242 157 844 160
457 11 2 15 1 207 132 24 128 855 144 241 844 158 159
458 11 2 15 1 207 24 132 226 241 144 855 243 830 233
459 11 2 15 1 172 208 34 228 856 245 179 835 236 247
460 11 2 15 1 34 208 172 169 245 856 179 191 192 848
461 11 2 15 1 448 127 652 131 908 810 789 784 787 151
462 11 2 15 1 652 127 448 429 810 908 789 811 465 809
463 11 2 15 1 168 450 651 430 907 794 814 813 815 469
464 11 2 15 1 168 651 450 173 814 794 907 200 791 795
$EndElements
