$MeshFormat
2.2 0 8
$EndMeshFormat
$PhysicalNames
3
2 61 "Load"
2 62 "Fixed"
3 63 "Solid"
$EndPhysicalNames
$Nodes
1246
1 81.0139789775538 -68.3363094478902 10
2 81.0139789775538 -68.3363094478902 0
3 70.40737725975561 -68.3363094478902 10
4 70.40737725975561 -68.3363094478902 0
5 140.082521472478 -9.267766952966371 10
6 140.082521472478 -9.267766952966371 0
7 70.40737725975571 68.3363094478902 10
8 70.40737725975571 68.3363094478902 0
9 81.0139789775539 68.3363094478902 10
10 81.0139789775539 68.3363094478902 0
11 11.3388347648319 9.26776695296638 10
12 11.3388347648319 9.26776695296638 0
13 13.1066017177982 5 10
14 13.1066017177982 5 0
15 140.082521472478 9.267766952966371 10
16 140.082521472478 9.267766952966371 0
17 138.314754519511 5 10
18 138.314754519511 5 0
19 138.314754519511 -5 10
20 138.314754519511 -5 0
21 11.3388347648318 -9.267766952966371 10
22 11.3388347648318 -9.267766952966371 0
23 13.1066017177982 -5 10
24 13.1066017177982 -5 0
25 0 5 0
26 70.7106781186548 75.7106781186548 0
27 0 5 10
28 70.7106781186548 75.7106781186548 10
29 80.7106781186548 75.7106781186548 0
30 80.7106781186548 75.7106781186548 10
31 151.42135623731 5 0
32 151.42135623731 5 10
33 151.42135623731 -5 0
34 151.42135623731 -5 10
35 80.7106781186548 -75.7106781186548 0
36 80.7106781186548 -75.7106781186548 10
37 70.7106781186548 -75.7106781186548 0
38 70.7106781186548 -75.7106781186548 10
39 0 -5 0
40 0 -5 10
41 81.0139789775538 -68.3363094478902 5
42 75.7106781186547 -70.53300858899111 10
43 72.84055237591653 -69.96210508282576 10
44 78.58080386139288 -69.96210508282576 10
45 70.40737725975561 -68.3363094478902 5
46 75.7106781186547 -70.53300858899109 0
47 78.58080386139288 -69.96210508282576 0
48 72.84055237591653 -69.96210508282576 0
49 125.3153858487468 -24.03490257669721 10
50 110.5482502250158 -38.80203820042821 10
51 95.78111460128483 -53.56917382415924 10
52 132.6989536606123 -16.6513347648317 10
53 117.9318180368813 -31.41847038856271 10
54 103.1646824131503 -46.18560601229372 10
55 88.39754678941934 -60.95274163602474 10
56 140.082521472478 -9.267766952966371 5
57 125.3153858487468 -24.03490257669721 0
58 110.5482502250158 -38.80203820042821 0
59 95.78111460128483 -53.56917382415924 0
60 132.6989536606123 -16.6513347648317 0
61 117.9318180368813 -31.41847038856271 0
62 103.1646824131503 -46.18560601229372 0
63 88.39754678941934 -60.95274163602474 0
64 70.40737725975571 68.3363094478902 5
65 75.7106781186548 70.53300858899111 10
66 78.58080386139298 69.96210508282576 10
67 72.84055237591662 69.96210508282576 10
68 81.0139789775539 68.3363094478902 5
69 75.7106781186548 70.53300858899109 0
70 72.84055237591663 69.96210508282576 0
71 78.58080386139298 69.96210508282576 0
72 26.10597038856283 24.03490257669735 10
73 40.87310601229379 38.80203820042831 10
74 55.64024163602475 53.56917382415927 10
75 18.72240257669736 16.65133476483188 10
76 33.48953820042831 31.41847038856283 10
77 48.25667382415927 46.18560601229379 10
78 63.02380944789023 60.95274163602475 10
79 11.3388347648319 9.26776695296638 5
80 26.10597038856283 24.03490257669735 0
81 40.87310601229379 38.80203820042831 0
82 55.64024163602475 53.56917382415927 0
83 18.72240257669736 16.65133476483188 0
84 33.48953820042831 31.41847038856283 0
85 48.25667382415927 46.18560601229379 0
86 63.02380944789023 60.95274163602475 0
87 13.1066017177982 5 5
88 10.6066017177982 7.500000000000035 10
89 11.33883476483182 5.732233047033642 10
90 10.79690288652 8.456708580912768 10
91 10.79690288651997 6.543291419087298 10
92 12.14989313688547 5.190301168721786 10
93 11.33883476483182 5.732233047033647 0
94 10.6066017177982 7.500000000000043 0
95 12.14989313688547 5.190301168721787 0
96 10.79690288651997 6.543291419087305 0
97 10.79690288652 8.456708580912769 0
98 140.082521472478 9.26776695296638 5
99 140.0825214724773 5.732233047033526 10
100 140.814754519511 7.49999999999971 10
101 139.2714631004237 5.190301168721755 10
102 140.6244533507891 6.543291419087073 10
103 140.6244533507894 8.456708580912393 10
104 138.314754519511 5 5
105 140.814754519511 7.499999999999714 0
106 140.0825214724773 5.73223304703353 0
107 140.6244533507894 8.456708580912393 0
108 140.6244533507891 6.543291419087078 0
109 139.2714631004237 5.190301168721756 0
110 117.4467290525589 5 10
111 96.57870358560675 5 10
112 75.71067811865461 5 10
113 54.84265265170247 5 10
114 33.97462718475035 5 10
115 127.8807417860349 5 10
116 107.0127163190828 5 10
117 86.14469085213068 5 10
118 65.27666538517855 5 10
119 44.40863991822641 5 10
120 23.54061445127427 5 10
121 117.4467290525589 5 0
122 96.57870358560675 5 0
123 75.71067811865461 5 0
124 54.84265265170247 5 0
125 33.97462718475035 5 0
126 127.8807417860349 5 0
127 107.0127163190828 5 0
128 86.14469085213068 5 0
129 65.27666538517855 5 0
130 44.40863991822641 5 0
131 23.54061445127427 5 0
132 138.314754519511 -5 5
133 140.814754519511 -7.499999999999715 10
134 140.0825214724773 -5.73223304703353 10
135 140.6244533507894 -8.456708580912395 10
136 140.6244533507891 -6.543291419087077 10
137 139.2714631004237 -5.190301168721755 10
138 140.0825214724773 -5.732233047033528 0
139 140.814754519511 -7.499999999999711 0
140 139.2714631004237 -5.190301168721755 0
141 140.6244533507891 -6.543291419087076 0
142 140.6244533507894 -8.456708580912393 0
143 11.3388347648319 -9.26776695296636 5
144 11.33883476483184 -5.732233047033628 10
145 10.6066017177982 -7.499999999999988 10
146 12.14989313688548 -5.190301168721781 10
147 10.79690288651999 -6.543291419087268 10
148 10.79690288651998 -8.456708580912709 10
149 13.1066017177982 -5 5
150 10.6066017177982 -7.499999999999983 0
151 11.33883476483184 -5.732233047033624 0
152 10.79690288651998 -8.456708580912707 0
153 10.79690288651999 -6.543291419087264 0
154 12.14989313688548 -5.190301168721781 0
155 33.97462718475034 -5 10
156 54.84265265170247 -5 10
157 75.7106781186546 -5 10
158 96.57870358560675 -5 10
159 117.4467290525589 -5 10
160 23.54061445127427 -5 10
161 44.40863991822641 -5 10
162 65.27666538517853 -5 10
163 86.14469085213067 -5 10
164 107.0127163190828 -5 10
165 127.8807417860349 -5 10
166 33.97462718475034 -5 0
167 54.84265265170247 -5 0
168 75.7106781186546 -5 0
169 96.57870358560675 -5 0
170 117.4467290525589 -5 0
171 23.54061445127427 -5 0
172 44.40863991822641 -5 0
173 65.27666538517853 -5 0
174 86.14469085213067 -5 0
175 107.0127163190828 -5 0
176 127.8807417860349 -5 0
177 55.64024163602472 -53.56917382415924 0
178 40.87310601229379 -38.80203820042831 0
179 26.10597038856283 -24.03490257669736 0
180 63.02380944789019 -60.9527416360247 0
181 48.25667382415925 -46.18560601229377 0
182 33.48953820042831 -31.41847038856283 0
183 18.72240257669733 -16.65133476483185 0
184 55.64024163602472 -53.56917382415924 10
185 40.87310601229379 -38.80203820042831 10
186 26.10597038856283 -24.03490257669736 10
187 63.02380944789019 -60.9527416360247 10
188 48.25667382415925 -46.18560601229377 10
189 33.48953820042831 -31.41847038856283 10
190 18.72240257669733 -16.65133476483185 10
191 95.78111460128488 53.56917382415919 0
192 110.5482502250159 38.80203820042819 0
193 125.3153858487468 24.03490257669718 0
194 88.39754678941939 60.95274163602469 0
195 103.1646824131504 46.18560601229369 0
196 117.9318180368813 31.41847038856269 0
197 132.6989536606123 16.6513347648317 0
198 95.78111460128488 53.56917382415919 10
199 110.5482502250159 38.80203820042819 10
200 125.3153858487468 24.03490257669718 10
201 88.39754678941939 60.95274163602469 10
202 103.1646824131504 46.18560601229369 10
203 117.9318180368813 31.41847038856269 10
204 132.6989536606123 16.6513347648317 10
205 14.14213562373098 19.14213562373098 0
206 28.28427124746196 33.28427124746196 0
207 42.42640687119288 47.42640687119288 0
208 56.56854249492378 61.56854249492378 0
209 7.071067811865491 12.07106781186549 0
210 21.21320343559647 26.21320343559647 0
211 35.35533905932742 40.35533905932742 0
212 49.49747468305833 54.49747468305833 0
213 63.6396103067893 68.63961030678931 0
214 0 5 5
215 56.56854249492383 61.56854249492383 10
216 42.42640687119285 47.42640687119285 10
217 28.28427124746194 33.28427124746194 10
218 14.14213562373103 19.14213562373104 10
219 63.63961030678932 68.63961030678931 10
220 49.49747468305834 54.49747468305834 10
221 35.3553390593274 40.3553390593274 10
222 21.21320343559649 26.21320343559649 10
223 7.071067811865517 12.07106781186552 10
224 70.7106781186548 75.7106781186548 5
225 75.7106781186548 75.7106781186548 0
226 75.7106781186548 75.7106781186548 10
227 80.7106781186548 75.7106781186548 5
228 94.85281374238581 61.56854249492379 0
229 108.9949493661168 47.42640687119279 0
230 123.1370849898478 33.2842712474618 0
231 137.2792206135788 19.14213562373084 0
232 87.7817459305203 68.63961030678929 0
233 101.9238815542513 54.49747468305829 0
234 116.0660171779823 40.35533905932729 0
235 130.2081528017133 26.21320343559632 0
236 144.3502884254443 12.07106781186531 0
237 137.2792206135788 19.14213562373079 10
238 123.1370849898478 33.28427124746178 10
239 108.9949493661168 47.42640687119275 10
240 94.85281374238588 61.56854249492372 10
241 144.3502884254443 12.0710678118653 10
242 130.2081528017133 26.21320343559628 10
243 116.0660171779823 40.35533905932727 10
244 101.9238815542514 54.49747468305824 10
245 87.78174593052034 68.63961030678925 10
246 151.42135623731 5 5
247 151.42135623731 0 0
248 151.42135623731 0 10
249 151.42135623731 -5 5
250 94.85281374238581 -61.56854249492379 0
251 108.9949493661168 -47.42640687119279 0
252 123.1370849898478 -33.2842712474618 0
253 137.2792206135788 -19.14213562373084 0
254 87.7817459305203 -68.63961030678929 0
255 101.9238815542513 -54.49747468305829 0
256 116.0660171779823 -40.35533905932729 0
257 130.2081528017133 -26.21320343559632 0
258 144.3502884254443 -12.07106781186531 0
259 94.85281374238581 -61.56854249492379 10
260 108.9949493661168 -47.42640687119279 10
261 123.1370849898478 -33.2842712474618 10
262 137.2792206135788 -19.14213562373084 10
263 87.7817459305203 -68.63961030678929 10
264 101.9238815542513 -54.49747468305829 10
265 116.0660171779823 -40.35533905932729 10
266 130.2081528017133 -26.21320343559632 10
267 144.3502884254443 -12.07106781186531 10
268 80.7106781186548 -75.7106781186548 5
269 75.7106781186548 -75.7106781186548 0
270 75.7106781186548 -75.7106781186548 10
271 70.7106781186548 -75.7106781186548 5
272 14.14213562373098 -19.14213562373098 0
273 28.28427124746196 -33.28427124746196 0
274 42.42640687119288 -47.42640687119288 0
275 56.56854249492378 -61.56854249492378 0
276 7.071067811865491 -12.07106781186549 0
277 21.21320343559647 -26.21320343559647 0
278 35.35533905932742 -40.35533905932742 0
279 49.49747468305833 -54.49747468305833 0
280 63.6396103067893 -68.63961030678931 0
281 14.14213562373098 -19.14213562373098 10
282 28.28427124746196 -33.28427124746196 10
283 42.42640687119288 -47.42640687119288 10
284 56.56854249492378 -61.56854249492378 10
285 7.071067811865491 -12.07106781186549 10
286 21.21320343559647 -26.21320343559647 10
287 35.35533905932742 -40.35533905932742 10
288 49.49747468305833 -54.49747468305833 10
289 63.6396103067893 -68.63961030678931 10
290 0 -5 5
291 0 0 0
292 0 0 10
293 74.62769795157296 -70.45440697189089 5.052697358612036
294 77.97121162097292 -70.18423144140571 5.055653091021339
295 79.60382613594258 -69.44342187640771 2.52782654551067
296 79.60382613594258 -69.44342187640771 7.52782654551067
297 76.85431892915651 -70.44530146613477 7.52782654551067
298 76.85431892915651 -70.44530146613477 2.52782654551067
299 72.34649461949844 -69.73616227841258 7.526348679306018
300 72.34649461949844 -69.73616227841258 2.526348679306018
301 75.16776370171056 -70.51333237448824 7.526348679306018
302 75.16776370171056 -70.51333237448824 2.526348679306018
303 76.31475317082113 -70.50864189536389 5.054175224816688
304 103.1646824131503 -46.18560601229373 5
305 132.6989536606123 -16.6513347648317 5
306 88.39754678941935 -60.95274163602473 5
307 117.9318180368813 -31.41847038856271 4.999999999999999
308 84.7057628834866 -64.64452554195749 7.5
309 84.7057628834866 -64.64452554195749 2.5
310 92.08933069535209 -57.26095773009199 7.5
311 92.08933069535209 -57.26095773009199 2.5
312 136.3907375665451 -12.95955085889895 2.5
313 136.3907375665451 -12.95955085889895 7.5
314 129.0071697546796 -20.34311867076446 7.5
315 129.0071697546796 -20.34311867076446 2.5
316 121.6236019428141 -27.72668648262997 7.5
317 114.2400341309486 -35.11025429449545 7.5
318 125.3153858487468 -24.03490257669722 5
319 121.6236019428141 -27.72668648262997 2.5
320 106.8564663190831 -42.49382210636097 7.5
321 99.47289850721759 -49.87738991822648 7.5
322 106.8564663190831 -42.49382210636097 2.5
323 110.5482502250158 -38.80203820042821 5
324 114.2400341309486 -35.11025429449545 2.5
325 99.47289850721759 -49.87738991822648 2.5
326 95.78111460128483 -53.56917382415924 5
327 74.63399820352991 70.45532361601379 5.019440205714552
328 77.97287168695686 70.18370647517905 5.050299245466622
329 72.34934000260547 69.73758956542758 2.509720102857276
330 72.34934000260547 69.73758956542758 7.509720102857276
331 75.17093869201918 70.51356213477467 7.509720102857276
332 75.17093869201918 70.51356213477467 2.509720102857276
333 79.60457018522673 69.44296994409208 7.525149622733311
334 79.60457018522673 69.44296994409208 2.525149622733311
335 76.85517928807107 70.44516867045216 7.525149622733311
336 76.85517928807107 70.44516867045216 2.525149622733311
337 76.31879375179227 70.50831429355823 5.034869725590587
338 18.72240257669736 16.65133476483188 5.000000000000001
339 33.48953820042831 31.41847038856283 5.000000000000001
340 63.02380944789023 60.95274163602475 5
341 48.25667382415927 46.18560601229379 4.999999999999998
342 66.71559335382297 64.64452554195748 7.5
343 66.71559335382297 64.64452554195748 2.5
344 59.33202554195748 57.260957730092 7.5
345 59.33202554195748 57.260957730092 2.5
346 15.03061867076462 12.95955085889914 2.5
347 15.03061867076462 12.95955085889914 7.5
348 22.4141864826301 20.34311867076462 7.5
349 22.4141864826301 20.34311867076462 2.5
350 29.79775429449558 27.7266864826301 7.5
351 37.18132210636105 35.11025429449557 7.5
352 26.10597038856283 24.03490257669735 5
353 29.79775429449558 27.7266864826301 2.5
354 44.56488991822653 42.49382210636104 7.499999999999999
355 51.94845773009201 49.87738991822653 7.499999999999999
356 37.18132210636105 35.11025429449557 2.5
357 40.87310601229379 38.80203820042831 5
358 44.56488991822653 42.49382210636104 2.499999999999999
359 55.64024163602475 53.56917382415927 5
360 51.94845773009201 49.87738991822653 2.499999999999999
361 10.79690288651997 6.543291419087301 6.625594768048193
362 10.79690288651997 6.543291419087304 1.412126197272714
363 10.65463851679013 7.987725805040349 8.312797384024098
364 10.65463851679013 7.987725805040349 3.312797384024097
365 10.65463851679012 7.01227419495971 8.312797384024098
366 10.65463851679013 7.987725805040351 0.706063098636357
367 10.65463851679012 7.012274194959715 0.706063098636357
368 10.79690288651997 6.543291419087303 4.018860482660454
369 11.71767613524918 5.421325969243645 3.312797384024097
370 11.71767613524918 5.421325969243645 8.312797384024098
371 11.02792768704183 6.111074417451011 8.312797384024098
372 11.02792768704182 6.111074417451018 0.706063098636357
373 11.71767613524918 5.421325969243646 0.706063098636357
374 140.6244533507891 6.543291419087074 3.374405231951814
375 140.6244533507891 6.543291419087074 8.521022914057221
376 140.7667177205191 7.987725805040142 1.687202615975907
377 140.7667177205191 7.987725805040142 6.687202615975907
378 140.7667177205191 7.987725805040142 9.26051145702861
379 140.766717720519 7.01227419495943 9.26051145702861
380 140.6244533507891 6.543291419087071 5.947714073004517
381 140.766717720519 7.012274194959432 1.687202615975907
382 139.7036801020599 5.421325969243574 6.687202615975907
383 139.7036801020599 5.421325969243574 1.687202615975907
384 140.3934285502673 6.11107441745084 9.26051145702861
385 139.7036801020599 5.421325969243574 9.26051145702861
386 140.3934285502673 6.111074417450842 1.687202615975907
387 127.8807417860349 5 5
388 107.0127163190828 5 5
389 23.54061445127428 5 5
390 86.14469085213068 5 5
391 65.27666538517855 5 5
392 44.40863991822641 5 5
393 18.32360808453625 5 7.5
394 18.32360808453625 5 2.5
395 28.75762081801231 5 7.5
396 28.75762081801231 5 2.5
397 133.097748152773 5 2.5
398 133.097748152773 5 7.5
399 122.6637354192969 5 7.5
400 122.6637354192969 5 2.5
401 112.2297226858208 5 7.5
402 101.7957099523448 5 7.5
403 117.4467290525589 5 5
404 112.2297226858208 5 2.5
405 91.36169721886871 5 7.5
406 80.92768448539265 5 7.5
407 101.7957099523448 5 2.5
408 96.57870358560675 5 5
409 91.36169721886871 5 2.5
410 70.49367175191658 5 7.5
411 60.0596590184405 5 7.5
412 80.92768448539265 5 2.5
413 75.71067811865461 5 5
414 70.49367175191658 5 2.5
415 49.62564628496443 5 7.5
416 39.19163355148838 5 7.5
417 60.0596590184405 5 2.5
418 54.84265265170247 5 5
419 49.62564628496443 5 2.5
420 33.97462718475035 5 5
421 39.19163355148838 5 2.5
422 140.6244533507891 -6.543291419087071 1.646104307618139
423 140.6244533507891 -6.543291419087083 8.353895692381871
424 140.7667177205191 -7.987725805040148 9.176947846190934
425 140.7667177205191 -7.987725805040148 4.176947846190935
426 140.766717720519 -7.012274194959436 9.176947846190934
427 140.7667177205191 -7.987725805040139 0.8230521538090696
428 140.766717720519 -7.012274194959429 0.8230521538090696
429 140.6244533507891 -6.543291419087074 5.000000000000005
430 139.7036801020599 -5.421325969243574 0.8230521538090696
431 139.7036801020599 -5.421325969243574 5.823052153809069
432 139.7036801020599 -5.421325969243576 9.176947846190934
433 140.3934285502673 -6.111074417450846 9.176947846190934
434 140.3934285502673 -6.111074417450841 0.8230521538090696
435 10.79690288651999 -6.543291419087264 1.646104307618245
436 10.79690288651999 -6.543291419087269 8.353895692381768
437 10.65463851679012 -7.987725805040315 4.176947846190884
438 10.65463851679012 -7.987725805040315 9.176947846190885
439 10.65463851679013 -7.01227419495967 9.176947846190885
440 10.65463851679013 -7.012274194959665 0.8230521538091224
441 10.65463851679012 -7.987725805040312 0.8230521538091224
442 10.79690288651999 -6.543291419087266 5.000000000000006
443 11.7176761352492 -5.421325969243634 5.823052153809122
444 11.7176761352492 -5.421325969243634 0.8230521538091224
445 11.02792768704184 -6.111074417450988 9.176947846190885
446 11.7176761352492 -5.421325969243634 9.176947846190885
447 11.02792768704184 -6.111074417450986 0.8230521538091224
448 86.14469085213067 -5 5
449 107.0127163190828 -5 5
450 23.54061445127427 -5 5
451 44.40863991822641 -5 5
452 65.27666538517853 -5 5
453 127.880741786035 -5 5
454 133.097748152773 -5 7.5
455 133.097748152773 -5 2.5
456 122.6637354192969 -5 7.5
457 122.6637354192969 -5 2.5
458 18.32360808453624 -5 2.5
459 18.32360808453624 -5 7.5
460 28.75762081801231 -5 7.5
461 28.75762081801231 -5 2.5
462 39.19163355148837 -5 7.5
463 49.62564628496444 -5 7.5
464 33.97462718475034 -5 5
465 39.19163355148837 -5 2.5
466 60.05965901844051 -5 7.5
467 70.49367175191657 -5 7.5
468 49.62564628496444 -5 2.5
469 54.84265265170247 -5 5
470 60.05965901844051 -5 2.5
471 80.92768448539263 -5 7.5
472 91.3616972188687 -5 7.5
473 80.92768448539263 -5 2.5
474 75.7106781186546 -5 5
475 70.49367175191657 -5 2.5
476 101.7957099523448 -5 7.5
477 112.2297226858209 -5 7.5
478 91.3616972188687 -5 2.5
479 96.57870358560675 -5 5
480 101.7957099523448 -5 2.5
481 112.2297226858209 -5 2.5
482 117.4467290525589 -5 5
483 63.02380944789014 -60.95274163602473 5
484 48.25667382415921 -46.1856060122938 5
485 18.72240257669731 -16.6513347648319 5
486 33.48953820042827 -31.41847038856287 5
487 66.71559335382287 -64.64452554195746 2.5
488 66.71559335382287 -64.64452554195746 7.5
489 59.33202554195741 -57.260957730092 7.5
490 59.33202554195741 -57.260957730092 2.5
491 15.03061867076456 -12.95955085889916 7.5
492 15.03061867076456 -12.95955085889916 2.5
493 22.41418648263005 -20.34311867076465 7.5
494 22.41418648263005 -20.34311867076465 2.5
495 44.56488991822648 -42.49382210636107 2.5
496 51.94845773009195 -49.87738991822654 2.5
497 55.64024163602467 -53.56917382415926 5
498 51.94845773009195 -49.87738991822654 7.5
499 29.79775429449553 -27.72668648263013 2.5
500 37.181322106361 -35.1102542944956 2.5
501 44.56488991822648 -42.49382210636107 7.5
502 40.87310601229375 -38.80203820042834 5
503 37.181322106361 -35.1102542944956 7.5
504 26.10597038856279 -24.03490257669738 5
505 29.79775429449553 -27.72668648263013 7.5
506 88.39754678941939 60.95274163602469 5.000000000000002
507 117.9318180368814 31.41847038856268 5
508 103.1646824131504 46.18560601229369 5
509 132.6989536606123 16.6513347648317 5.000000000000003
510 84.70576288348664 64.64452554195744 2.500000000000001
511 84.70576288348664 64.64452554195744 7.500000000000001
512 92.08933069535213 57.26095773009194 7.500000000000001
513 92.08933069535213 57.26095773009194 2.500000000000001
514 136.3907375665451 12.95955085889896 7.500000000000002
515 136.3907375665451 12.95955085889896 2.500000000000001
516 129.0071697546796 20.34311867076444 7.500000000000002
517 129.0071697546796 20.34311867076444 2.500000000000001
518 106.8564663190831 42.49382210636094 2.5
519 99.47289850721762 49.87738991822644 2.5
520 95.78111460128488 53.56917382415919 5
521 99.47289850721762 49.87738991822644 7.5
522 121.6236019428141 27.72668648262993 2.5
523 114.2400341309486 35.11025429449543 2.5
524 114.2400341309486 35.11025429449543 7.5
525 110.5482502250159 38.80203820042819 5
526 106.8564663190831 42.49382210636094 7.5
527 121.6236019428141 27.72668648262993 7.5
528 125.3153858487468 24.03490257669718 5
529 63.63961030678929 68.63961030678929 5
530 7.071067811865483 12.07106781186548 5
531 49.49747468305833 54.49747468305833 5.000000000000001
532 35.3553390593274 40.3553390593274 5
533 21.21320343559648 26.21320343559648 5
534 3.535533905932738 8.535533905932738 7.5
535 3.535533905932738 8.535533905932738 2.5
536 10.60660171779823 15.60660171779823 2.5
537 67.17514421272205 72.17514421272205 2.5
538 67.17514421272205 72.17514421272205 7.5
539 60.10407640085653 65.10407640085654 2.5
540 10.60660171779826 15.60660171779826 7.5
541 60.10407640085656 65.10407640085656 7.5
542 17.67766952966373 22.67766952966373 2.5
543 24.74873734152921 29.74873734152921 2.5
544 14.14213562373099 19.14213562373099 5
545 17.67766952966375 22.67766952966375 7.5
546 31.81980515339468 36.81980515339468 2.5
547 38.89087296526014 43.89087296526014 2.5
548 31.81980515339467 36.81980515339467 7.5
549 28.28427124746194 33.28427124746194 5
550 24.74873734152921 29.74873734152921 7.5
551 45.9619407771256 50.9619407771256 2.5
552 53.03300858899105 58.03300858899105 2.5
553 45.96194077712558 50.96194077712558 7.5
554 42.42640687119285 47.42640687119285 5
555 38.89087296526012 43.89087296526012 7.5
556 56.5685424949238 61.5685424949238 5
557 53.03300858899107 58.03300858899107 7.5
558 75.7106781186548 75.7106781186548 5
559 73.2106781186548 75.7106781186548 7.5
560 73.2106781186548 75.7106781186548 2.5
561 78.2106781186548 75.7106781186548 2.5
562 78.2106781186548 75.7106781186548 7.5
563 116.0660171779825 40.3553390593275 5
564 144.3502884254445 12.07106781186551 5
565 87.78174593052051 68.63961030678948 4.999999999999984
566 130.2081528017135 26.21320343559652 5
567 101.9238815542515 54.49747468305847 5
568 84.24621202458775 72.17514421272224 7.499999999999992
569 84.24621202458775 72.17514421272224 2.499999999999992
570 91.31727983645325 65.10407640085674 2.499999999999992
571 91.31727983645328 65.10407640085671 7.499999999999992
572 147.8858223313772 8.535533905932757 2.5
573 147.8858223313772 8.535533905932757 7.5
574 140.8147545195117 15.60660171779828 2.5
575 140.8147545195117 15.60660171779826 7.5
576 98.38834764831876 58.03300858899123 2.5
577 105.4594154601843 50.96194077712573 2.5
578 94.85281374238602 61.56854249492397 5
579 98.38834764831878 58.0330085889912 7.5
580 112.5304832720497 43.89087296526025 2.5
581 119.6015510839152 36.81980515339475 2.5
582 112.5304832720498 43.89087296526023 7.5
583 108.994949366117 47.42640687119299 5
584 105.4594154601843 50.96194077712571 7.5
585 126.6726188957807 29.74873734152926 2.5
586 133.7436867076462 22.67766952966378 2.5
587 119.6015510839152 36.81980515339475 7.5
588 123.137084989848 33.284271247462 5
589 126.6726188957807 29.74873734152926 7.5
590 137.279220613579 19.14213562373103 5
591 133.7436867076462 22.67766952966376 7.5
592 151.42135623731 0 5
593 151.42135623731 2.5 7.5
594 151.42135623731 2.5 2.5
595 151.42135623731 -2.5 2.5
596 151.42135623731 -2.5 7.5
597 87.7817459305203 -68.63961030678929 5
598 116.0660171779823 -40.35533905932729 5
599 144.3502884254443 -12.07106781186533 5
600 101.9238815542513 -54.49747468305829 5
601 130.2081528017133 -26.21320343559633 5
602 147.885822331377 -8.535533905932553 7.5
603 147.885822331377 -8.535533905932553 2.5
604 140.8147545195115 -15.60660171779809 2.5
605 140.8147545195115 -15.60660171779809 7.5
606 84.24621202458755 -72.17514421272205 2.5
607 84.24621202458755 -72.17514421272205 7.5
608 91.31727983645305 -65.10407640085654 2.5
609 91.31727983645305 -65.10407640085654 7.5
610 105.4594154601841 -50.96194077712554 2.5
611 98.38834764831856 -58.03300858899104 2.5
612 94.85281374238581 -61.56854249492379 5
613 98.38834764831856 -58.03300858899104 7.5
614 119.601551083915 -36.81980515339455 2.5
615 112.5304832720496 -43.89087296526004 2.5
616 112.5304832720496 -43.89087296526004 7.5
617 108.9949493661168 -47.42640687119279 5
618 105.4594154601841 -50.96194077712554 7.5
619 133.743686707646 -22.67766952966359 2.5
620 126.6726188957805 -29.74873734152906 2.5
621 119.601551083915 -36.81980515339455 7.5
622 123.1370849898478 -33.2842712474618 5
623 126.6726188957805 -29.74873734152906 7.5
624 137.2792206135788 -19.14213562373084 5
625 133.743686707646 -22.67766952966359 7.5
626 75.7106781186548 -75.7106781186548 5
627 78.2106781186548 -75.7106781186548 7.5
628 78.2106781186548 -75.7106781186548 2.5
629 73.2106781186548 -75.7106781186548 2.5
630 73.2106781186548 -75.7106781186548 7.5
631 21.21320343559647 -26.21320343559647 4.999999999999999
632 7.071067811865491 -12.07106781186549 5
633 63.6396103067893 -68.63961030678931 5
634 35.35533905932742 -40.35533905932742 4.999999999999998
635 49.49747468305833 -54.49747468305833 5
636 67.17514421272206 -72.17514421272206 7.5
637 67.17514421272206 -72.17514421272206 2.5
638 60.10407640085654 -65.10407640085654 2.5
639 60.10407640085654 -65.10407640085654 7.5
640 3.535533905932745 -8.535533905932745 2.5
641 3.535533905932745 -8.535533905932745 7.5
642 10.60660171779824 -15.60660171779824 2.5
643 10.60660171779824 -15.60660171779824 7.5
644 24.74873734152921 -29.74873734152921 2.5
645 17.67766952966373 -22.67766952966373 2.5
646 17.67766952966373 -22.67766952966373 7.5
647 14.14213562373098 -19.14213562373098 5
648 38.89087296526014 -43.89087296526014 2.499999999999999
649 31.81980515339469 -36.81980515339469 2.499999999999999
650 24.74873734152921 -29.74873734152921 7.5
651 28.28427124746196 -33.28427124746196 5
652 31.81980515339469 -36.81980515339469 7.499999999999999
653 53.03300858899106 -58.03300858899106 2.5
654 45.9619407771256 -50.9619407771256 2.5
655 38.89087296526014 -43.89087296526014 7.499999999999999
656 42.42640687119288 -47.42640687119288 5
657 45.9619407771256 -50.9619407771256 7.5
658 56.56854249492378 -61.56854249492378 5
659 53.03300858899106 -58.03300858899106 7.5
660 0 0 5
661 0 2.5 2.5
662 0 2.5 7.5
663 0 -2.5 2.5
664 0 -2.5 7.5
665 86.14469085213068 0 10
666 23.54061445127427 0 10
667 107.0127163190828 2.220446049250313e-16 10
668 65.27666538517853 2.220446049250313e-16 10
669 127.8807417860349 5.780003251901065e-17 10
670 44.4086399182264 0 10
671 144.7351898467701 -1.612146247289748 10
672 6.686166390539384 1.612146247289742 10
673 144.7675539921499 6.039015001817797 10
674 144.7639079339554 -6.429021812024712 10
675 6.653802245159667 -6.039015001817845 10
676 6.657448303354315 6.429021812024487 10
677 142.5990934431784 -5.318350276586927 10
678 142.1134080247719 5.77207380521553 10
679 9.307948212537454 -5.772073805215606 10
680 8.822262794130936 5.318350276586976 10
681 142.2783167945834 3.393631997977468 10
682 9.143039442726007 -3.393631997977408 10
683 80.8623285481043 -72.0234937832725 10
684 78.21067811865476 -73.12184335382295 10
685 87.93339635996981 -64.952425971407 10
686 95.31696417183531 -57.56885815954151 10
687 70.55902768920519 -72.0234937832725 10
688 73.21067811865476 -73.12184335382295 10
689 63.48795987733968 -64.952425971407 10
690 56.10439206547424 -57.56885815954151 10
691 138.6808710430283 -14.20495128834852 10
692 131.2973032311628 -21.58851910021403 10
693 142.4232147032166 -7.848394382495451 10
694 142.7893312267332 -6.964510906012213 10
695 141.0215642737671 -12.78557871787778 10
696 73.2106781186548 73.12184335382295 10
697 70.55902768920525 72.02349378327251 10
698 63.48795987733975 64.95242597140702 10
699 56.10439206547429 57.56885815954155 10
700 78.2106781186548 73.12184335382295 10
701 80.86232854810436 72.0234937832725 10
702 87.93339635996989 64.95242597140697 10
703 95.31696417183538 57.56885815954145 10
704 12.74048519428145 14.20495128834872 10
705 20.12405300614693 21.58851910021419 10
706 8.998141534093094 7.848394382495444 10
707 8.632025010576257 6.964510906012261 10
708 10.39979196354268 12.78557871787776 10
709 18.32360808453623 -2.5 10
710 18.32360808453623 2.5 10
711 13.1066017177982 -8.881784197001252e-16 10
712 11.1248205802621 0.8031840010112958 10
713 11.1248205802621 -4.196815998988704 10
714 9.0125005776856 3.672189647161692 10
715 9.896384054168792 3.30607312364487 10
716 28.7576208180123 2.5 10
717 7.914602916632688 -0.8907428753438333 10
718 142.7911542558305 6.769507500908754 10
719 142.4250377323138 7.653390977391927 10
720 131.2973032311628 21.58851910021399 10
721 138.6808710430282 14.20495128834842 10
722 141.0233873028644 12.59057531277429 10
723 133.097748152773 2.500000000000004 10
724 133.097748152773 -2.500000000000003 10
725 138.314754519511 8.881784197001252e-16 10
726 140.2965356570472 -0.8031840010112692 10
727 140.2965356570472 4.196815998988738 10
728 141.1804191335303 4.5629325225055 10
729 122.6637354192969 2.5 10
730 142.4088556596237 -3.672189647161641 10
731 141.5249721831406 -3.306073123644877 10
732 122.6637354192969 -2.5 10
733 143.5067533206768 0.8907428753438598 10
734 8.630201981478933 -6.769507500908917 10
735 8.996318504995742 -7.653390977392099 10
736 20.12405300614691 -21.58851910021417 10
737 12.7404851942814 -14.20495128834867 10
738 10.39796893444533 -12.59057531277441 10
739 10.24093710377892 -4.562932522505518 10
740 28.7576208180123 -2.5 10
741 3.343083195269699 -1.693926876355129 10
742 3.343083195269699 3.306073123644871 10
743 3.32872415167715 5.714510906012244 10
744 6.671807346946849 4.020584029657114 10
745 148.0782730420399 1.693926876355019 10
746 148.0782730420401 -3.306073123644874 10
747 148.0944551147298 5.519507500908792 10
748 144.75137191946 2.213434377264024 10
749 148.0926320856327 -5.714510906012356 10
750 144.7495488903627 -4.02058402965723 10
751 3.326901122579827 -5.519507500908922 10
752 6.669984317849526 -2.213434377264051 10
753 116.8426676074318 -36.043154723945 10
754 124.2262354192973 -28.6595869120795 10
755 102.3880319837008 -50.49779034767602 10
756 109.7715997955663 -43.1142225358105 10
757 27.19512081801238 28.65958691207965 10
758 34.57868862987786 36.04315472394512 10
759 49.0333242536088 50.49779034767606 10
760 41.64975644174332 43.11422253581058 10
761 9.714432255964567 6.409175138293506 10
762 10.08054877948138 5.525291661810309 10
763 7.739855548742625 5.873686044305732 10
764 7.75421459233516 3.465248261938359 10
765 141.0979647486246 5.752153426124531 10
766 141.4640812721414 6.63603690260762 10
767 142.1958624096777 4.582852901596499 10
768 143.4404810084609 5.905544403516663 10
769 101.7957099523448 2.5 10
770 112.2297226858208 2.5 10
771 112.2297226858209 -2.5 10
772 117.4467290525589 0 10
773 80.92768448539265 2.5 10
774 91.36169721886871 2.5 10
775 91.36169721886871 -2.5 10
776 96.57870358560675 0 10
777 101.7957099523448 -2.5 10
778 60.0596590184405 2.5 10
779 70.49367175191658 2.5 10
780 80.92768448539263 -2.5 10
781 75.71067811865461 0 10
782 70.49367175191657 -2.5 10
783 39.19163355148837 2.5 10
784 49.62564628496443 2.5 10
785 60.0596590184405 -2.5 10
786 54.84265265170247 0 10
787 49.62564628496443 -2.5 10
788 33.97462718475033 0 10
789 39.19163355148837 -2.5 10
790 141.7069239813447 -6.409175138293321 10
791 141.3408074578279 -5.525291661810231 10
792 143.6815006885669 -5.87368604430582 10
793 143.6671416449743 -3.465248261938338 10
794 10.32339148868463 -5.752153426124616 10
795 9.957274965167827 -6.636036902607797 10
796 9.225493827631723 -4.582852901596507 10
797 7.980875228848561 -5.905544403516725 10
798 49.0333242536088 -50.49779034767606 10
799 41.64975644174334 -43.1142225358106 10
800 27.1951208180124 -28.65958691207966 10
801 34.57868862987787 -36.04315472394514 10
802 109.7715997955663 43.11422253581047 10
803 102.3880319837009 50.49779034767597 10
804 124.2262354192973 28.65958691207948 10
805 116.8426676074318 36.04315472394498 10
806 143.5229353933667 4.716323499897632 10
807 7.898420843942844 -4.716323499897626 10
808 107.0127163190828 0 0
809 23.54061445127427 0 0
810 86.14469085213068 0 0
811 65.27666538517853 2.220446049250313e-16 0
812 127.880741786035 2.220446049250314e-16 0
813 44.4086399182264 0 0
814 144.7351898467701 -1.612146247289753 0
815 6.686166390539384 1.612146247289745 0
816 144.7675539921499 6.039015001817786 0
817 144.7639079339554 -6.429021812024713 0
818 6.657448303354315 6.429021812024491 0
819 6.653802245159667 -6.039015001817846 0
820 142.5990934431784 -5.318350276586927 0
821 142.1134080247719 5.772073805215522 0
822 9.307948212537468 -5.772073805215603 0
823 8.822262794130936 5.318350276586981 0
824 142.2783167945834 3.393631997977452 0
825 9.143039442726021 -3.393631997977407 0
826 80.8623285481043 -72.0234937832725 0
827 78.21067811865476 -73.12184335382295 0
828 87.93339635996981 -64.952425971407 0
829 95.31696417183531 -57.56885815954151 0
830 73.21067811865476 -73.12184335382295 0
831 70.55902768920519 -72.0234937832725 0
832 63.48795987733969 -64.952425971407 0
833 56.10439206547424 -57.56885815954151 0
834 131.2973032311628 -21.58851910021403 0
835 138.6808710430283 -14.20495128834852 0
836 142.7893312267332 -6.964510906012212 0
837 142.4232147032166 -7.848394382495452 0
838 141.0215642737671 -12.78557871787778 0
839 70.55902768920525 72.02349378327251 0
840 73.2106781186548 73.12184335382295 0
841 63.48795987733973 64.952425971407 0
842 56.10439206547426 57.56885815954153 0
843 80.86232854810436 72.0234937832725 0
844 78.2106781186548 73.12184335382295 0
845 87.93339635996986 64.952425971407 0
846 95.31696417183534 57.56885815954149 0
847 20.1240530061469 21.58851910021416 0
848 12.74048519428143 14.20495128834869 0
849 8.632025010576257 6.964510906012267 0
850 8.998141534093094 7.848394382495446 0
851 10.39979196354265 12.78557871787774 0
852 13.1066017177982 0 0
853 18.32360808453623 2.5 0
854 18.32360808453623 -2.5 0
855 11.12482058026211 -4.196815998988704 0
856 11.12482058026211 0.8031840010112958 0
857 9.896384054168792 3.306073123644872 0
858 9.0125005776856 3.672189647161696 0
859 28.7576208180123 2.5 0
860 7.914602916632703 -0.8907428753438316 0
861 142.4250377323138 7.653390977391923 0
862 142.7911542558304 6.76950750090875 0
863 138.6808710430282 14.20495128834845 0
864 131.2973032311628 21.58851910021401 0
865 141.0233873028643 12.59057531277432 0
866 138.314754519511 8.881784197001252e-16 0
867 133.097748152773 -2.500000000000003 0
868 133.097748152773 2.500000000000004 0
869 140.2965356570472 4.19681599898873 0
870 140.2965356570472 -0.8031840010112767 0
871 141.1804191335303 4.562932522505493 0
872 122.6637354192969 2.5 0
873 141.5249721831406 -3.306073123644879 0
874 142.4088556596237 -3.672189647161642 0
875 122.6637354192969 -2.5 0
876 143.5067533206768 0.8907428753438498 0
877 8.996318504995742 -7.653390977392101 0
878 8.630201981478933 -6.769507500908915 0
879 12.7404851942814 -14.20495128834867 0
880 20.12405300614691 -21.58851910021417 0
881 10.39796893444533 -12.59057531277441 0
882 10.24093710377893 -4.562932522505516 0
883 28.7576208180123 -2.5 0
884 3.343083195269699 3.306073123644873 0
885 3.343083195269699 -1.693926876355128 0
886 3.32872415167715 5.714510906012245 0
887 6.671807346946849 4.020584029657118 0
888 148.0782730420401 -3.306073123644876 0
889 148.0782730420399 1.693926876355017 0
890 148.0944551147298 5.519507500908786 0
891 144.75137191946 2.213434377264016 0
892 148.0926320856327 -5.714510906012356 0
893 144.7495488903627 -4.020584029657233 0
894 3.326901122579827 -5.519507500908923 0
895 6.669984317849526 -2.213434377264051 0
896 124.2262354192973 -28.6595869120795 0
897 116.8426676074318 -36.043154723945 0
898 109.7715997955663 -43.1142225358105 0
899 102.3880319837008 -50.49779034767602 0
900 34.57868862987787 36.04315472394514 0
901 27.19512081801239 28.65958691207965 0
902 49.03332425360881 50.49779034767607 0
903 41.64975644174334 43.1142225358106 0
904 10.08054877948138 5.525291661810314 0
905 9.714432255964567 6.409175138293511 0
906 7.75421459233516 3.465248261938362 0
907 7.739855548742625 5.873686044305735 0
908 141.4640812721414 6.636036902607618 0
909 141.0979647486246 5.752153426124528 0
910 143.4404810084609 5.905544403516654 0
911 142.1958624096777 4.582852901596487 0
912 112.2297226858208 2.5 0
913 101.7957099523448 2.5 0
914 117.4467290525589 0 0
915 112.2297226858209 -2.5 0
916 91.36169721886871 2.5 0
917 80.92768448539265 2.5 0
918 96.57870358560675 0 0
919 101.7957099523448 -2.5 0
920 91.36169721886871 -2.5 0
921 70.49367175191658 2.5 0
922 60.0596590184405 2.5 0
923 75.71067811865461 0 0
924 80.92768448539263 -2.5 0
925 70.49367175191657 -2.5 0
926 49.62564628496443 2.5 0
927 39.19163355148837 2.5 0
928 54.84265265170247 0 0
929 60.0596590184405 -2.5 0
930 49.62564628496443 -2.5 0
931 33.97462718475033 0 0
932 39.19163355148837 -2.5 0
933 141.3408074578279 -5.525291661810229 0
934 141.7069239813447 -6.409175138293319 0
935 143.6671416449743 -3.46524826193834 0
936 143.6815006885669 -5.873686044305821 0
937 9.957274965167827 -6.636036902607794 0
938 10.32339148868466 -5.752153426124614 0
939 7.980875228848575 -5.905544403516725 0
940 9.225493827631752 -4.582852901596505 0
941 41.64975644174334 -43.1142225358106 0
942 49.0333242536088 -50.49779034767606 0
943 34.57868862987787 -36.04315472394514 0
944 27.1951208180124 -28.65958691207966 0
945 102.3880319837008 50.49779034767599 0
946 109.7715997955663 43.11422253581048 0
947 124.2262354192973 28.65958691207949 0
948 116.8426676074318 36.04315472394499 0
949 143.5229353933667 4.716323499897619 0
950 7.898420843942844 -4.716323499897626 0
951 11.02225162689029 -4.930767025557823 5.000000000000004
952 86.14469085213068 -2.5 2.5
953 23.54061445127427 2.5 7.5
954 107.0127163190828 -2.5 7.5
955 107.0127163190828 -2.5 2.5
956 23.54061445127427 2.5 2.5
957 65.27666538517855 2.5 2.5
958 65.27666538517855 2.5 7.5
959 86.14469085213068 -2.5 7.5
960 23.54061445127427 -2.5 2.5
961 107.0127163190828 2.5 7.5
962 127.8807417860349 2.5 7.5
963 44.4086399182264 -2.5 2.5
964 23.54061445127427 -2.5 7.5
965 127.8807417860349 2.5 2.5
966 86.14469085213068 2.5 2.5
967 107.0127163190828 2.5 2.5
968 86.14469085213068 2.5 7.5
969 44.4086399182264 -2.5 7.5
970 44.40863991822641 2.5 7.5
971 65.27666538517853 -2.5 2.5
972 65.27666538517853 -2.5 7.5
973 44.40863991822641 2.5 2.5
974 127.8807417860349 -2.5 7.5
975 127.880741786035 -2.5 2.5
976 144.5570981796998 -9.25004481194502 2.5
977 144.5570981796998 -9.250044811945019 7.5
978 6.864258057609899 9.250044811944985 7.5
979 6.864258057609899 9.250044811944987 2.5
980 6.862435028512579 -9.055041406841667 2.5
981 6.862435028512579 -9.055041406841667 7.5
982 144.5589212087972 9.055041406841649 2.5
983 144.5589212087972 9.055041406841656 7.5
984 134.9890871370955 -17.89673519428127 7.5
985 134.9890871370955 -17.89673519428127 2.5
986 134.9890871370956 17.89673519428124 7.500000000000002
987 134.9890871370955 17.89673519428127 2.500000000000001
988 16.43226910021414 -17.89673519428144 2.5
989 16.43226910021414 -17.89673519428144 7.5
990 16.4322691002142 17.89673519428146 7.5
991 16.43226910021417 17.89673519428143 2.5
992 30.88690472394513 32.35137081801239 7.5
993 30.88690472394514 32.3513708180124 2.5
994 120.5344515133646 32.35137081801223 7.5
995 30.88690472394511 -32.35137081801241 2.5
996 30.88690472394511 -32.35137081801241 7.5
997 120.5344515133646 32.35137081801224 2.5
998 120.5344515133646 -32.35137081801226 7.5
999 120.5344515133646 -32.35137081801226 2.5
1000 45.34154034767607 46.80600644174334 2.499999999999999
1001 106.0798158896336 -46.80600644174326 7.5
1002 106.0798158896336 -46.80600644174326 2.5
1003 45.34154034767606 46.80600644174332 7.499999999999999
1004 106.0798158896336 46.80600644174324 2.5
1005 106.0798158896336 46.80600644174322 7.5
1006 45.34154034767604 -46.80600644174334 7.5
1007 45.34154034767604 -46.80600644174334 2.5
1008 91.6251802659026 61.26064206547424 2.500000000000001
1009 91.62518026590263 61.2606420654742 7.500000000000001
1010 59.79617597140702 61.26064206547429 7.5
1011 59.79617597140696 -61.26064206547426 7.5
1012 59.79617597140696 -61.26064206547426 2.5
1013 59.79617597140701 61.26064206547426 2.5
1014 91.62518026590257 -61.26064206547426 2.5
1015 91.62518026590257 -61.26064206547426 7.5
1016 142.2164049489612 10.66941738241594 2.5
1017 142.2164049489612 10.66941738241594 7.5
1018 9.204951288348646 -10.66941738241593 7.5
1019 9.204951288348646 -10.66941738241593 2.5
1020 8.741534638529679 4.077718833188524 0.706063098636357
1021 9.809582840325454 5.930820847837142 0.706063098636357
1022 127.7617693252302 25.12405300614685 7.5
1023 127.7617693252302 25.12405300614685 2.5
1024 23.65958691207965 25.12405300614692 2.5
1025 23.65958691207965 -25.12405300614692 2.5
1026 23.65958691207965 -25.12405300614692 7.5
1027 23.65958691207965 25.12405300614692 7.5
1028 127.76176932523 -25.12405300614677 2.5
1029 127.76176932523 -25.12405300614677 7.5
1030 113.3071337014992 39.57868862987785 2.5
1031 113.3071337014992 39.57868862987785 7.5
1032 113.3071337014991 -39.57868862987775 7.5
1033 113.3071337014991 -39.57868862987775 2.5
1034 38.1142225358106 -39.57868862987786 2.499999999999999
1035 38.1142225358106 -39.57868862987786 7.499999999999999
1036 38.1142225358106 39.57868862987785 2.5
1037 38.1142225358106 39.57868862987785 7.5
1038 8.741534638529679 4.077718833188523 3.312797384024097
1039 9.809582840325454 5.930820847837141 3.312797384024097
1040 98.8524980777682 54.03332425360882 2.5
1041 98.8524980777682 54.03332425360882 7.5
1042 52.56885815954154 54.0333242536088 7.5
1043 98.85249807776808 -54.03332425360876 2.5
1044 98.85249807776808 -54.03332425360876 7.5
1045 52.56885815954152 -54.03332425360878 7.5
1046 52.56885815954152 -54.03332425360878 2.5
1047 52.56885815954154 54.0333242536088 2.5
1048 84.39786245403721 68.48795987733985 7.499999999999992
1049 84.39786245403721 68.48795987733985 2.499999999999992
1050 67.02349378327246 -68.48795987733976 7.5
1051 67.02349378327246 -68.48795987733976 2.5
1052 67.0234937832725 68.48795987733975 2.5
1053 67.0234937832725 68.48795987733975 7.5
1054 84.39786245403705 -68.48795987733975 2.5
1055 84.39786245403705 -68.48795987733975 7.5
1056 142.2783167945834 3.39363199797746 5
1057 143.5067533206768 0.8907428753438521 5
1058 142.6798215987796 -4.07771883318841 5.823052153809069
1059 141.4513850726863 -1.574829710554809 0.8230521538090696
1060 141.4513850726863 -1.574829710554801 5.823052153809069
1061 9.204951288348692 10.66941738241593 7.5
1062 9.204951288348692 10.66941738241593 2.5
1063 142.2164049489611 -10.66941738241585 7.5
1064 142.2164049489611 -10.66941738241585 2.5
1065 144.7351898467701 -1.612146247289751 5
1066 142.6798215987796 -4.077718833188412 0.8230521538090696
1067 7.914602916632703 -0.8907428753438329 5
1068 9.969971164622997 1.574829710554947 3.312797384024097
1069 8.741534638529679 4.077718833188522 8.312797384024098
1070 9.96997116462299 1.574829710554946 8.312797384024098
1071 9.143039442726014 -3.393631997977407 5
1072 6.686166390539384 1.612146247289743 5
1073 9.809582840325454 5.930820847837138 8.312797384024098
1074 141.6117733969838 -5.930820847837005 9.176947846190934
1075 142.6798215987796 -4.077718833188416 9.176947846190934
1076 141.6117733969838 -5.930820847836999 0.8230521538090696
1077 141.4513850726863 4.968461708532271 6.687202615975907
1078 139.4696039351501 0.7716457095435372 6.687202615975907
1079 141.4513850726863 4.968461708532264 1.687202615975907
1080 140.2965356570472 -0.8031840010112739 5
1081 148.0782730420401 -0.8060731236448764 2.5
1082 148.0782730420401 -0.806073123644874 7.5
1083 144.7495488903627 -4.020584029657231 5
1084 148.0926320856327 -3.214510906012356 2.5
1085 6.671807346946849 4.020584029657116 5
1086 3.328724151677157 3.214510906012245 2.5
1087 3.343083195269692 0.8060731236448708 7.5
1088 3.343083195269692 0.8060731236448724 2.5
1089 127.8807417860349 1.39922318722021e-16 5
1090 122.6637354192969 2.5 5
1091 122.6637354192969 0 7.5
1092 44.4086399182264 0 5
1093 49.62564628496443 -2.5 5
1094 49.62564628496443 2.5 5
1095 23.54061445127427 0 5
1096 28.75762081801231 2.5 5
1097 133.097748152773 -2.5 5
1098 133.097748152773 0 2.5
1099 28.7576208180123 -2.5 5
1100 65.27666538517855 0 5
1101 60.05965901844051 0 2.5
1102 18.32360808453623 2.5 5
1103 18.32360808453624 0 7.5
1104 86.14469085213068 0 5
1105 91.36169721886871 0 2.5
1106 112.2297226858208 0 7.5
1107 107.0127163190828 0 5
1108 112.2297226858208 0 2.5
1109 101.7957099523448 0 2.5
1110 39.19163355148837 -2.5 5
1111 60.0596590184405 0 7.5
1112 101.7957099523448 -2.5 5
1113 70.49367175191657 0 2.5
1114 91.36169721886871 -2.5 5
1115 70.49367175191657 0 7.5
1116 80.92768448539263 0 7.5
1117 39.19163355148837 2.5 5
1118 80.92768448539263 0 2.5
1119 8.727175594937144 6.486156615555895 3.312797384024097
1120 142.6960036714695 6.291153210452435 6.687202615975907
1121 143.5229353933667 4.716323499897625 5
1122 75.7106781186548 73.12184335382295 2.5
1123 76.84177490280584 72.94719229691692 5.025149622733311
1124 75.17233816109236 73.08300086733429 5.009720102857276
1125 76.84094486981385 -72.94745478003026 5.02782654551067
1126 75.16918803511388 -73.08254254527284 5.026348679306018
1127 75.71067811865476 -73.12184335382295 2.5
1128 75.7106781186548 73.12184335382295 7.5
1129 75.71067811865476 -73.12184335382295 7.5
1130 8.727175594937144 6.486156615555894 8.312797384024098
1131 8.727175594937144 6.486156615555897 0.706063098636357
1132 148.0926320856327 -3.214510906012356 7.5
1133 144.7639079339554 -6.429021812024713 5
1134 6.657448303354315 6.429021812024489 5
1135 3.328724151677157 3.214510906012244 7.5
1136 142.6960036714695 6.291153210452435 9.26051145702861
1137 141.3689306877805 6.157682612151302 9.26051145702861
1138 141.4513850726863 4.968461708532271 9.26051145702861
1139 143.6815006885669 -5.873686044305821 5
1140 133.097748152773 2.5 5
1141 122.6637354192969 0 2.5
1142 91.36169721886871 0 7.5
1143 13.1066017177982 0 5
1144 54.84265265170247 0 5
1145 33.97462718475035 0 5
1146 101.7957099523448 2.5 5
1147 142.6941806423723 -6.486156615555897 9.176947846190934
1148 142.6941806423723 -6.486156615555898 4.176947846190935
1149 88.08964635996983 -64.79617597140701 5
1150 63.33170987733976 64.79617597140702 5
1151 88.08964635996995 64.79617597140708 4.999999999999993
1152 63.33170987733972 -64.79617597140702 5
1153 142.6960036714695 6.29115321045243 1.687202615975907
1154 144.7675539921499 6.039015001817791 5
1155 139.4696039351501 0.7716457095435372 1.687202615975907
1156 11.95175230215909 0.7716457095436504 3.312797384024097
1157 8.933985349192739 -9.307179615476377 3.323052153809122
1158 8.725352565839827 -6.291153210452555 0.8230521538091224
1159 8.933985349192739 -9.307179615476379 6.676947846190884
1160 8.725352565839827 -6.291153210452558 4.176947846190884
1161 142.4873708881167 -9.307179615476205 6.676947846190935
1162 142.4873708881167 -9.307179615476198 3.32305215380907
1163 142.6941806423723 -6.486156615555892 0.8230521538090696
1164 102.5442819837008 -50.341540347676 5
1165 48.8770742536088 50.34154034767606 5
1166 102.544281983701 50.34154034767608 5
1167 48.87707425360877 -50.34154034767607 5
1168 142.4873708881168 9.307179615476294 6.760511457028611
1169 142.4873708881168 9.307179615476294 4.187202615975907
1170 8.933985349192728 9.307179615476393 3.206063098636357
1171 8.933985349192728 9.307179615476391 5.812797384024097
1172 142.5825214724778 9.785533905932613 7.5
1173 8.838834764831841 9.785533905932763 2.5
1174 141.3689306877805 6.157682612151298 1.687202615975907
1175 8.725352565839827 -6.291153210452556 9.176947846190885
1176 10.05242554952872 -6.157682612151437 9.176947846190885
1177 9.969971164622997 -4.968461708532338 9.176947846190885
1178 9.969971164623004 -4.968461708532336 0.8230521538091224
1179 10.05242554952873 -6.157682612151434 0.8230521538091224
1180 117.4467290525589 0 5
1181 96.57870358560675 0 5
1182 138.314754519511 0 5
1183 75.71067811865461 0 5
1184 79.34177490280584 72.94719229691692 2.525149622733311
1185 79.34177490280584 72.94719229691692 7.525149622733311
1186 82.87730880873869 69.41165839098426 5.025149622733303
1187 79.34094486981385 -72.94745478003026 7.52782654551067
1188 82.87647877574662 -69.4119208740975 5.02782654551067
1189 79.34094486981385 -72.94745478003026 2.52782654551067
1190 69.1368042551596 69.54746696140154 5.009720102857276
1191 72.67233816109236 73.08300086733429 7.509720102857276
1192 72.67233816109236 73.08300086733429 2.509720102857276
1193 72.66918803511388 -73.08254254527284 2.526348679306018
1194 69.13365412918112 -69.54700863934011 5.026348679306018
1195 72.66918803511388 -73.08254254527284 7.526348679306018
1196 116.9989176074318 -35.886904723945 5
1197 116.9989176074319 35.88690472394509 5
1198 34.42243862987786 35.88690472394511 5
1199 34.42243862987785 -35.88690472394514 4.999999999999999
1200 148.0926320856327 -5.714510906012356 5
1201 3.328724151677157 5.714510906012245 5
1202 124.0699854192974 28.8158369120796 5
1203 124.0699854192973 -28.81583691207952 5
1204 27.35137081801239 28.81583691207965 5
1205 27.35137081801237 -28.81583691207967 5
1206 148.09445511473 5.519507500908898 5
1207 148.09445511473 3.019507500908898 7.5
1208 148.09445511473 3.019507500908893 2.5
1209 3.326901122579834 -5.519507500908922 5
1210 6.653802245159667 -6.039015001817845 5
1211 3.326901122579834 -3.019507500908923 2.5
1212 3.326901122579834 -3.019507500908922 7.5
1213 8.838834764831846 -9.785533905932736 2.5
1214 8.838834764831846 -9.78553390593274 7.5
1215 131.4535532311629 21.43226910021411 5.000000000000002
1216 131.4535532311628 -21.43226910021401 5
1217 19.96780300614692 21.43226910021418 5
1218 19.96780300614689 -21.43226910021419 5
1219 138.5246210430284 14.3612012883486 5.000000000000002
1220 138.5246210430283 -14.36120128834851 5
1221 12.89673519428142 14.36120128834868 5
1222 12.8967351942814 -14.3612012883487 5
1223 142.5825214724777 -9.785533905932519 2.5
1224 142.5825214724777 -9.785533905932521 7.5
1225 41.64975644174334 -43.1142225358106 5
1226 109.7715997955663 43.11422253581048 5
1227 41.64975644174332 43.11422253581058 5
1228 109.7715997955663 -43.1142225358105 5
1229 56.10439206547429 57.56885815954155 5
1230 95.31696417183531 -57.56885815954151 5
1231 56.10439206547425 -57.56885815954151 5
1232 95.31696417183538 57.56885815954145 5
1233 10.08264553480815 -4.162199511767615 7.500000000000002
1234 10.90957725670514 -5.737029222322546 6.676947846190886
1235 12.06442667234424 -4.965383512778912 7.500000000000002
1236 10.90957725670514 -5.737029222322544 3.323052153809125
1237 10.08264553480815 -4.162199511767615 2.500000000000002
1238 12.06442667234424 -4.965383512778912 2.500000000000002
1239 10.90957725670513 0.806262196764739 5.812797384024099
1240 143.6671416449743 -3.465248261938338 5
1241 144.75137191946 2.213434377264019 5
1242 7.898420843942844 -4.716323499897626 5
1243 8.838026936024978 -5.484891013687834 7.500000000000002
1244 8.838026936024978 -5.484891013687834 2.500000000000002
1245 6.669984317849526 -2.213434377264052 5
1246 12.06442667234424 0.03461648722108857 7.500000000000002
$EndNodes
$Elements
541
1 9 2 62 16 32 592 31 593 594 246
2 9 2 62 16 31 592 33 594 595 247
3 9 2 62 16 34 592 32 596 593 248
4 9 2 62 16 33 592 34 595 596 249
5 9 2 61 20 25 660 27 661 662 214
6 9 2 61 20 39 660 25 663 661 291
7 9 2 61 20 27 660 40 662 664 292
8 9 2 61 20 40 660 39 664 663 290
9 11 2 63 1 448 168 810 169 473 924 952 478 920 174
10 11 2 63 1 389 114 13 666 395 120 393 953 710 716
11 11 2 63 1 667 158 449 159 777 476 954 771 477 164
12 11 2 63 1 449 808 170 169 955 915 481 480 175 919
13 11 2 63 1 14 125 389 809 131 396 394 853 956 859
14 11 2 63 1 391 811 124 123 957 922 417 414 129 921
15 11 2 63 1 668 391 113 112 958 411 778 779 118 410
16 11 2 63 1 158 157 665 448 163 780 775 472 959 471
17 11 2 63 1 450 166 24 809 461 171 458 960 854 883
18 11 2 63 1 111 110 667 388 116 770 769 402 961 401
19 11 2 63 1 17 110 387 669 115 399 398 723 962 729
20 11 2 63 1 451 813 167 166 963 930 468 465 172 932
21 11 2 63 1 450 23 155 666 459 160 460 964 740 709
22 11 2 63 1 387 121 18 812 400 126 397 965 868 872
23 11 2 63 1 390 123 122 810 412 128 409 966 916 917
24 11 2 63 1 122 388 808 121 407 967 913 127 912 404
25 11 2 63 1 112 111 665 390 117 774 773 406 968 405
26 11 2 63 1 156 451 155 670 463 462 161 787 789 969
27 11 2 63 1 392 113 114 670 415 119 416 970 783 784
28 11 2 63 1 811 452 167 168 971 470 929 925 173 475
29 11 2 63 1 668 156 452 157 785 466 972 782 467 162
30 11 2 63 1 124 125 813 392 130 927 926 419 973 421
31 11 2 63 1 453 159 19 669 456 165 454 974 724 732
32 11 2 63 1 170 453 20 812 457 455 176 875 867 975
33 11 2 63 1 599 817 33 253 976 892 603 604 258 838
34 11 2 63 1 674 262 599 34 695 605 977 749 602 267
35 11 2 63 1 27 530 218 676 534 540 223 743 708 978
36 11 2 63 1 25 818 205 530 886 851 209 535 536 979
37 11 2 63 1 632 272 39 819 642 276 640 980 894 881
38 11 2 63 1 632 675 40 281 981 751 641 643 285 738
39 11 2 63 1 31 564 231 816 572 574 236 890 865 982
40 11 2 63 1 32 673 237 564 747 722 241 573 575 983
41 11 2 63 1 305 5 49 262 313 52 314 984 692 691
42 11 2 63 1 305 57 6 253 315 60 312 985 835 834
43 11 2 63 1 200 15 509 237 204 514 516 720 986 721
44 11 2 63 1 509 16 193 231 515 197 517 987 864 863
45 11 2 63 1 22 179 485 272 183 494 492 879 988 880
46 11 2 63 1 485 186 21 281 493 190 491 989 737 736
47 11 2 63 1 338 11 72 218 347 75 348 990 705 704
48 11 2 63 1 80 12 338 205 83 346 349 847 991 848
49 11 2 63 1 217 339 73 72 992 351 758 757 76 350
50 11 2 63 1 206 80 81 339 901 84 900 993 356 353
51 11 2 63 1 238 200 199 507 804 203 805 994 524 527
52 11 2 63 1 179 273 178 486 944 943 182 499 500 995
53 11 2 63 1 486 186 282 185 505 800 996 503 801 189
54 11 2 63 1 193 192 507 230 196 523 522 947 997 948
55 11 2 63 1 49 261 50 307 754 753 53 316 317 998
56 11 2 63 1 57 252 307 58 896 999 319 61 324 897
57 11 2 63 1 82 207 81 341 902 903 85 360 358 1000
58 11 2 63 1 50 260 51 304 756 755 54 320 321 1001
59 11 2 63 1 251 58 59 304 898 62 899 1002 325 322
60 11 2 63 1 73 74 341 216 77 355 354 760 1003 759
61 11 2 63 1 192 191 508 229 195 519 518 946 1004 945
62 11 2 63 1 198 239 199 508 803 802 202 521 526 1005
63 11 2 63 1 484 184 185 283 498 188 501 1006 799 798
64 11 2 63 1 178 274 177 484 941 942 181 495 496 1007
65 11 2 63 1 228 506 10 191 1008 510 845 846 194 513
66 11 2 63 1 240 198 9 506 703 201 702 1009 511 512
67 11 2 63 1 215 340 7 74 1010 342 698 699 78 344
68 11 2 63 1 3 483 284 184 488 1011 689 187 690 489
69 11 2 63 1 177 275 4 483 833 832 180 490 487 1012
70 11 2 63 1 208 82 8 340 842 86 841 1013 343 345
71 11 2 63 1 59 306 2 250 311 309 63 829 828 1014
72 11 2 63 1 1 51 259 306 55 686 685 308 1015 310
73 11 2 63 1 564 16 231 816 1016 863 574 982 865 861
74 11 2 63 1 237 673 15 564 722 719 721 575 1017 983
75 11 2 63 1 675 632 21 281 981 1018 735 738 737 643
76 11 2 63 1 272 632 22 819 642 1019 879 881 877 980
77 11 2 63 1 93 823 815 362 904 906 858 372 1020 1021
78 11 2 63 1 200 238 237 566 804 242 720 1022 591 589
79 11 2 63 1 566 193 230 231 1023 947 585 586 235 864
80 11 2 63 1 80 206 205 533 901 210 847 1024 542 543
81 11 2 63 1 273 272 631 179 277 645 644 944 1025 880
82 11 2 63 1 186 631 282 281 1026 650 800 736 286 646
83 11 2 63 1 72 217 533 218 757 550 1027 705 545 222
84 11 2 63 1 252 57 601 253 896 1028 620 257 619 834
85 11 2 63 1 261 262 601 49 266 625 623 754 1029 692
86 11 2 63 1 563 192 229 230 1030 946 580 581 234 948
87 11 2 63 1 238 199 239 563 805 802 243 587 582 1031
88 11 2 63 1 50 260 598 261 756 616 1032 753 621 265
89 11 2 63 1 58 252 598 251 897 614 1033 898 615 256
90 11 2 63 1 634 178 274 273 1034 941 648 649 278 943
91 11 2 63 1 185 282 634 283 801 652 1035 799 655 287
92 11 2 63 1 206 81 207 532 900 903 211 546 547 1036
93 11 2 63 1 532 73 216 217 1037 760 555 548 221 758
94 11 2 63 1 362 823 815 361 1021 906 1020 368 1038 1039
95 11 2 63 1 191 228 567 229 846 576 1040 945 577 233
96 11 2 63 1 239 198 240 567 803 703 244 584 579 1041
97 11 2 63 1 74 215 531 216 699 557 1042 759 553 220
98 11 2 63 1 250 251 59 600 255 899 829 611 1043 610
99 11 2 63 1 259 51 260 600 686 755 264 613 618 1044
100 11 2 63 1 184 635 284 283 1045 659 690 798 288 657
101 11 2 63 1 274 635 275 177 654 653 279 942 833 1046
102 11 2 63 1 207 82 208 531 902 842 212 551 552 1047
103 11 2 63 1 240 9 30 565 702 701 245 571 568 1048
104 11 2 63 1 10 29 565 228 843 569 1049 845 570 232
105 11 2 63 1 38 3 633 284 687 1050 636 289 639 689
106 11 2 63 1 633 4 37 275 1051 831 637 638 280 832
107 11 2 63 1 8 26 208 529 839 213 841 1052 539 537
108 11 2 63 1 7 28 529 215 697 538 1053 698 541 219
109 11 2 63 1 250 597 2 35 608 1054 828 254 826 606
110 11 2 63 1 1 259 36 597 685 263 683 1055 607 609
111 11 2 63 1 671 681 824 422 733 1056 1057 1058 1059 1060
112 11 2 63 1 218 530 11 676 540 1061 704 708 706 978
113 11 2 63 1 205 818 12 530 851 850 848 536 1062 979
114 11 2 63 1 262 599 5 674 605 1063 691 695 693 977
115 11 2 63 1 817 599 6 253 976 1064 837 838 835 604
116 11 2 63 1 671 824 814 422 1057 876 1065 1058 1066 1059
117 11 2 63 1 672 825 361 682 1067 1068 1069 717 1070 1071
118 11 2 63 1 361 815 825 672 1038 860 1068 1069 1067 1072
119 11 2 63 1 361 89 680 672 371 762 1073 1069 764 714
120 11 2 63 1 423 134 677 671 433 791 1074 1075 793 730
121 11 2 63 1 820 814 138 422 935 874 933 1076 434 1066
122 11 2 63 1 374 681 19 824 1077 726 1078 1079 1080 1056
123 11 2 63 1 814 592 671 817 1081 1082 1065 893 1083 1084
124 11 2 63 1 818 815 672 660 887 1072 1085 1086 1087 1088
125 11 2 63 1 812 669 110 453 1089 729 1090 975 1091 974
126 11 2 63 1 669 812 110 387 1089 1090 729 962 399 965
127 11 2 63 1 451 167 813 670 468 930 963 969 1092 1093
128 11 2 63 1 813 124 392 670 926 419 973 1092 970 1094
129 11 2 63 1 809 389 666 114 956 953 1095 1096 716 395
130 11 2 63 1 20 669 812 453 1097 1089 867 455 975 974
131 11 2 63 1 387 20 669 812 1098 1097 962 965 1089 867
132 11 2 63 1 809 450 166 666 960 461 883 1095 1099 964
133 11 2 63 1 811 167 452 391 929 470 971 957 1100 1101
134 11 2 63 1 809 666 13 450 1095 710 1102 960 1103 964
135 11 2 63 1 448 390 169 810 1104 1105 478 952 920 966
136 11 2 63 1 110 449 667 388 1106 954 770 401 961 1107
137 11 2 63 1 808 388 449 121 967 1107 955 912 1108 404
138 11 2 63 1 388 449 169 808 1107 480 1109 967 919 955
139 11 2 63 1 155 451 813 670 462 963 1110 789 1092 969
140 11 2 63 1 452 391 113 668 1100 411 1111 972 778 958
141 11 2 63 1 449 388 169 667 1107 1109 480 954 1112 961
142 11 2 63 1 452 811 391 168 971 957 1100 475 1113 925
143 11 2 63 1 390 448 169 665 1104 478 1105 968 1114 959
144 11 2 63 1 668 452 391 157 972 1100 958 782 1115 467
145 11 2 63 1 390 665 112 448 968 773 406 1104 1116 959
146 11 2 63 1 666 809 13 389 1095 1102 710 953 393 956
147 11 2 63 1 813 392 114 670 973 416 1117 1092 783 970
148 11 2 63 1 123 390 448 810 412 1104 1118 917 952 966
149 11 2 63 1 818 815 823 361 887 906 907 1119 1039 1038
150 11 2 63 1 824 681 19 422 1056 726 1080 1059 431 1060
151 11 2 63 1 374 673 681 824 1120 806 1077 1079 1056 1121
152 11 2 63 1 362 815 14 361 1020 857 373 368 369 1038
153 11 2 63 1 818 815 361 672 887 1038 1119 1085 1069 1072
154 11 2 63 1 69 327 328 558 332 337 336 1122 1123 1124
155 11 2 63 1 293 294 626 46 303 1125 1126 302 1127 298
156 11 2 63 1 328 327 65 558 337 331 335 1123 1128 1124
157 11 2 63 1 294 42 293 626 297 301 303 1125 1126 1129
158 11 2 63 1 672 680 361 676 764 1073 1069 744 1130 763
159 11 2 63 1 815 825 14 361 860 856 857 1038 369 1068
160 11 2 63 1 814 824 20 422 876 870 873 1066 430 1059
161 11 2 63 1 362 818 823 361 1131 907 1021 368 1039 1119
162 11 2 63 1 592 674 671 817 1132 750 1082 1084 1083 1133
163 11 2 63 1 818 672 676 660 1085 744 1134 1086 1135 1087
164 11 2 63 1 673 681 678 375 806 767 768 1136 1137 1138
165 11 2 63 1 677 671 674 817 793 750 792 1139 1133 1083
166 11 2 63 1 669 20 19 453 1097 132 724 974 454 455
167 11 2 63 1 669 159 110 453 732 772 729 974 1091 456
168 11 2 63 1 669 18 20 387 1140 866 1097 962 1098 397
169 11 2 63 1 113 392 124 670 415 419 418 784 1094 970
170 11 2 63 1 387 18 20 812 397 866 1098 965 867 868
171 11 2 63 1 389 809 125 114 956 859 396 395 420 1096
172 11 2 63 1 812 110 387 121 1090 399 965 872 400 403
173 11 2 63 1 121 170 812 453 914 875 872 1141 975 457
174 11 2 63 1 167 811 124 391 929 922 928 1101 417 957
175 11 2 63 1 450 166 666 155 461 1099 964 460 740 464
176 11 2 63 1 156 167 451 670 469 468 463 787 969 1093
177 11 2 63 1 450 13 23 666 1103 711 459 964 709 710
178 11 2 63 1 111 158 665 390 776 775 774 405 968 1142
179 11 2 63 1 124 813 167 670 926 930 928 1094 1093 1092
180 11 2 63 1 450 13 809 24 1103 1102 960 458 854 1143
181 11 2 63 1 391 167 452 113 1101 470 1100 411 1111 1144
182 11 2 63 1 666 166 809 114 1099 883 1095 716 1096 1145
183 11 2 63 1 812 110 121 453 1090 403 872 975 1141 1091
184 11 2 63 1 156 452 113 668 466 1111 786 785 778 972
185 11 2 63 1 388 667 111 122 961 769 402 407 408 1146
186 11 2 63 1 810 122 390 169 916 409 966 920 1105 918
187 11 2 63 1 159 449 667 110 477 954 771 772 770 1106
188 11 2 63 1 388 110 449 121 401 1106 1107 404 1108 403
189 11 2 63 1 158 667 449 169 777 954 476 479 480 1112
190 11 2 63 1 17 18 669 387 104 1140 723 398 962 397
191 11 2 63 1 388 169 667 122 1109 1112 961 407 1146 918
192 11 2 63 1 166 451 813 155 465 963 932 464 1110 462
193 11 2 63 1 388 169 122 808 1109 918 407 967 913 919
194 11 2 63 1 157 452 391 168 467 1100 1115 474 1113 475
195 11 2 63 1 390 158 665 169 1142 775 968 1105 1114 479
196 11 2 63 1 123 390 112 448 412 406 413 1118 1116 1104
197 11 2 63 1 155 813 114 670 1110 1117 788 789 783 1092
198 11 2 63 1 449 808 121 170 955 912 1108 481 914 915
199 11 2 63 1 448 665 158 169 959 775 472 478 479 1114
200 11 2 63 1 392 125 813 114 421 927 973 416 1117 420
201 11 2 63 1 809 13 389 14 1102 393 956 853 394 87
202 11 2 63 1 123 391 811 168 414 957 921 923 925 1113
203 11 2 63 1 157 391 668 112 1115 958 782 781 779 410
204 11 2 63 1 168 123 448 810 923 1118 473 924 952 917
205 11 2 63 1 665 157 112 448 780 781 773 959 1116 471
206 11 2 63 1 674 423 677 817 1147 1074 792 1133 1139 1148
207 11 2 63 1 597 2 306 250 1054 309 1149 608 1014 828
208 11 2 63 1 259 1 306 597 685 308 1015 609 1149 1055
209 11 2 63 1 529 208 8 340 539 841 1052 1150 343 1013
210 11 2 63 1 565 240 9 506 571 702 1048 1151 511 1009
211 11 2 63 1 340 7 529 215 342 1053 1150 1010 541 698
212 11 2 63 1 10 565 506 228 1049 1151 510 845 1008 570
213 11 2 63 1 275 633 4 483 638 1051 832 1012 487 1152
214 11 2 63 1 483 633 3 284 1152 1050 488 1011 689 639
215 11 2 63 1 672 361 13 682 1069 370 715 717 712 1070
216 11 2 63 1 374 673 824 816 1120 1121 1079 1153 949 1154
217 11 2 63 1 93 815 14 362 858 857 95 372 373 1020
218 11 2 63 1 374 19 20 824 1078 132 1155 1079 870 1080
219 11 2 63 1 825 24 14 361 855 852 856 1068 369 1156
220 11 2 63 1 681 19 17 374 726 725 727 1077 382 1078
221 11 2 63 1 673 681 375 374 806 1138 1136 1120 380 1077
222 11 2 63 1 672 361 818 676 1069 1119 1085 744 1134 1130
223 11 2 63 1 374 20 18 824 1155 866 383 1079 869 870
224 11 2 63 1 375 681 17 374 1138 727 385 380 382 1077
225 11 2 63 1 632 435 819 436 1157 1158 980 1159 1160 442
226 11 2 63 1 599 423 817 422 1161 1148 976 1162 1163 429
227 11 2 63 1 600 251 59 304 610 899 1043 1164 325 1002
228 11 2 63 1 600 51 260 304 1044 755 618 1164 1001 321
229 11 2 63 1 531 341 74 216 1165 355 1042 553 759 1003
230 11 2 63 1 239 198 567 508 803 1041 584 1005 1166 521
231 11 2 63 1 82 207 341 531 902 1000 360 1047 1165 551
232 11 2 63 1 191 567 508 229 1040 1166 519 945 1004 577
233 11 2 63 1 184 484 635 283 498 1167 1045 798 657 1006
234 11 2 63 1 177 274 635 484 942 654 1046 496 1167 1007
235 11 2 63 1 673 375 564 374 1136 1168 983 1120 1169 380
236 11 2 63 1 824 19 20 422 1080 132 870 1059 430 431
237 11 2 63 1 818 362 530 361 1131 1170 979 1119 1171 368
238 11 2 63 1 375 100 673 564 379 718 1136 1168 983 1172
239 11 2 63 1 362 94 818 530 367 849 1131 1170 979 1173
240 11 2 63 1 374 106 821 824 386 909 1174 1079 911 871
241 11 2 63 1 89 361 13 672 371 370 92 714 715 1069
242 11 2 63 1 821 105 374 816 908 381 1174 910 1153 862
243 11 2 63 1 675 682 679 436 807 796 797 1175 1176 1177
244 11 2 63 1 435 825 822 819 1178 940 1179 1158 939 950
245 11 2 63 1 673 678 100 375 768 766 718 1136 379 1137
246 11 2 63 1 121 110 159 453 403 772 1180 1141 456 1091
247 11 2 63 1 170 121 159 453 914 1180 482 457 456 1141
248 11 2 63 1 111 390 122 169 405 409 408 1181 918 1105
249 11 2 63 1 167 113 670 156 1144 784 1093 469 787 786
250 11 2 63 1 122 667 111 169 1146 769 408 918 1181 1112
251 11 2 63 1 113 167 670 124 1144 1093 784 418 1094 928
252 11 2 63 1 23 24 13 450 149 1143 711 459 1103 458
253 11 2 63 1 20 19 18 669 132 1182 866 1097 1140 724
254 11 2 63 1 19 17 18 669 725 104 1182 724 1140 723
255 11 2 63 1 113 167 452 156 1144 470 1111 786 466 469
256 11 2 63 1 391 124 167 113 417 928 1101 411 1144 418
257 11 2 63 1 166 125 809 114 931 859 883 1145 1096 420
258 11 2 63 1 114 666 166 155 716 1099 1145 788 464 740
259 11 2 63 1 157 123 448 168 1183 1118 471 474 473 923
260 11 2 63 1 112 157 391 123 781 1115 410 413 414 1183
261 11 2 63 1 123 157 391 168 1183 1115 414 923 1113 474
262 11 2 63 1 112 157 123 448 781 1183 413 1116 1118 471
263 11 2 63 1 110 159 449 121 772 477 1106 403 1108 1180
264 11 2 63 1 121 159 449 170 1180 477 1108 914 481 482
265 11 2 63 1 809 13 14 24 1102 87 853 854 852 1143
266 11 2 63 1 667 158 111 169 777 776 769 1112 1181 479
267 11 2 63 1 390 111 158 169 405 776 1142 1105 479 1181
268 11 2 63 1 125 166 813 114 931 932 927 420 1117 1145
269 11 2 63 1 114 166 813 155 1145 932 1117 788 1110 464
270 11 2 63 1 134 423 19 671 433 432 137 730 731 1075
271 11 2 63 1 138 814 20 422 874 873 140 434 430 1066
272 11 2 63 1 374 106 105 821 386 108 381 1174 908 909
273 11 2 63 1 328 29 30 565 1184 227 1185 1186 568 569
274 11 2 63 1 36 294 597 35 1187 1188 607 268 606 1189
275 11 2 63 1 529 26 28 327 537 224 538 1190 1191 1192
276 11 2 63 1 633 37 293 38 637 1193 1194 636 1195 271
277 11 2 63 1 34 674 671 592 749 750 746 596 1082 1132
278 11 2 63 1 817 814 592 33 893 1081 1084 892 595 888
279 11 2 63 1 815 818 25 660 887 886 884 1088 661 1086
280 11 2 63 1 676 672 27 660 744 742 743 1135 662 1087
281 11 2 63 1 261 598 50 307 621 1032 753 998 317 1196
282 11 2 63 1 307 252 598 58 999 614 1196 324 1033 897
283 11 2 63 1 199 238 507 563 805 994 524 1031 1197 587
284 11 2 63 1 192 563 507 230 1030 1197 523 948 997 581
285 11 2 63 1 73 532 339 217 1037 1198 351 758 992 548
286 11 2 63 1 273 634 178 486 649 1034 943 995 500 1199
287 11 2 63 1 486 282 634 185 996 652 1199 503 1035 801
288 11 2 63 1 81 206 339 532 900 993 356 1036 1198 546
289 11 2 63 1 592 34 674 817 596 749 1132 1084 1133 1200
290 11 2 63 1 676 27 818 660 743 1201 1134 1135 1086 662
291 11 2 63 1 566 507 238 230 1202 994 589 585 588 997
292 11 2 63 1 252 261 601 307 622 623 620 999 1203 998
293 11 2 63 1 206 533 339 217 543 1204 993 549 992 550
294 11 2 63 1 273 631 282 486 644 650 651 995 996 1205
295 11 2 63 1 361 530 818 676 1171 979 1119 1130 1134 978
296 11 2 63 1 564 673 374 816 983 1120 1169 982 1153 1154
297 11 2 63 1 673 31 592 816 1206 594 1207 1154 1208 890
298 11 2 63 1 819 39 675 660 894 1209 1210 1211 1212 663
299 11 2 63 1 294 626 46 35 1125 1127 298 1189 827 628
300 11 2 63 1 328 29 69 558 1184 844 336 1123 1122 561
301 11 2 63 1 238 200 507 566 804 527 994 589 1202 1022
302 11 2 63 1 193 507 566 230 522 1202 1023 947 585 997
303 11 2 63 1 49 601 261 307 1029 623 754 316 998 1203
304 11 2 63 1 252 601 57 307 620 1028 896 999 319 1203
305 11 2 63 1 217 533 339 72 550 1204 992 757 350 1027
306 11 2 63 1 80 206 533 339 901 543 1024 353 1204 993
307 11 2 63 1 186 282 631 486 800 650 1026 505 1205 996
308 11 2 63 1 631 273 179 486 644 944 1025 1205 499 995
309 11 2 63 1 328 65 30 558 335 700 1185 1123 562 1128
310 11 2 63 1 36 42 294 626 684 297 1187 627 1125 1129
311 11 2 63 1 8 26 529 327 839 537 1052 329 1190 1192
312 11 2 63 1 529 28 7 327 538 697 1053 1190 330 1191
313 11 2 63 1 4 633 37 293 1051 637 831 300 1193 1194
314 11 2 63 1 293 3 633 38 299 1050 1194 1195 636 687
315 11 2 63 1 566 200 507 193 1022 527 1202 1023 522 528
316 11 2 63 1 601 49 57 307 1029 318 1028 1203 319 316
317 11 2 63 1 339 533 80 72 1204 1024 353 350 352 1027
318 11 2 63 1 186 631 179 486 1026 1025 504 505 499 1205
319 11 2 63 1 99 678 681 375 765 767 728 384 1138 1137
320 11 2 63 1 599 674 34 817 977 749 602 976 1200 1133
321 11 2 63 1 27 818 530 676 1201 979 534 743 978 1134
322 11 2 63 1 436 22 632 435 437 1019 1159 442 1157 441
323 11 2 63 1 423 599 6 422 1161 1064 425 429 427 1162
324 11 2 63 1 37 293 626 46 1193 1126 629 830 1127 302
325 11 2 63 1 327 69 26 558 332 840 1192 1124 560 1122
326 11 2 63 1 327 28 65 558 1191 696 331 1124 1128 559
327 11 2 63 1 38 293 42 626 1195 301 688 630 1129 1126
328 11 2 63 1 635 177 484 184 1046 496 1167 1045 498 497
329 11 2 63 1 531 341 82 74 1165 360 1047 1042 359 355
330 11 2 63 1 600 59 51 304 1043 326 1044 1164 321 325
331 11 2 63 1 508 198 567 191 521 1041 1166 519 1040 520
332 11 2 63 1 150 632 435 819 1213 1157 440 878 1158 980
333 11 2 63 1 145 632 675 436 1214 981 734 439 1175 1159
334 11 2 63 1 3 4 633 483 45 1051 1050 488 1152 487
335 11 2 63 1 306 1 2 597 308 41 309 1149 1054 1055
336 11 2 63 1 529 8 7 340 1052 64 1053 1150 342 343
337 11 2 63 1 9 10 565 506 68 1049 1048 511 1151 510
338 11 2 63 1 566 237 200 509 591 720 1022 1215 516 986
339 11 2 63 1 253 57 601 305 834 1028 619 985 1216 315
340 11 2 63 1 49 262 601 305 692 625 1029 314 1216 984
341 11 2 63 1 566 509 193 231 1215 517 1023 586 864 987
342 11 2 63 1 533 205 80 338 542 847 1024 1217 349 991
343 11 2 63 1 179 272 631 485 880 645 1025 494 1218 988
344 11 2 63 1 281 186 631 485 736 1026 646 989 1218 493
345 11 2 63 1 533 338 72 218 1217 348 1027 545 705 990
346 11 2 63 1 824 821 374 816 911 1174 1079 949 1153 910
347 11 2 63 1 673 564 31 816 983 572 1206 1154 890 982
348 11 2 63 1 819 39 632 675 894 640 980 1210 981 1209
349 11 2 63 1 599 423 674 817 1161 1147 977 976 1133 1148
350 11 2 63 1 486 634 178 185 1199 1034 500 503 502 1035
351 11 2 63 1 532 339 81 73 1198 356 1036 1037 357 351
352 11 2 63 1 307 598 50 58 1196 1032 317 324 323 1033
353 11 2 63 1 507 199 563 192 524 1031 1197 523 1030 525
354 11 2 63 1 483 275 633 284 1012 638 1152 1011 639 658
355 11 2 63 1 597 306 259 250 1149 1015 609 608 612 1014
356 11 2 63 1 529 208 340 215 539 1013 1150 541 1010 556
357 11 2 63 1 506 565 240 228 1151 571 1009 1008 578 570
358 11 2 63 1 484 274 635 283 1007 654 1167 1006 657 656
359 11 2 63 1 531 207 341 216 551 1000 1165 553 1003 554
360 11 2 63 1 260 251 600 304 617 610 618 1001 1164 1002
361 11 2 63 1 567 239 508 229 584 1005 1166 577 1004 583
362 11 2 63 1 509 237 564 231 986 575 1219 987 574 590
363 11 2 63 1 253 262 599 305 624 605 604 985 1220 984
364 11 2 63 1 338 205 530 218 991 536 1221 990 540 544
365 11 2 63 1 281 272 632 485 647 642 643 989 1222 988
366 11 2 63 1 139 599 817 422 1223 976 836 428 1163 1162
367 11 2 63 1 599 423 133 674 1161 426 1224 977 694 1147
368 11 2 63 1 673 32 671 592 747 745 748 1207 1082 593
369 11 2 63 1 816 31 592 814 890 594 1208 891 1081 889
370 11 2 63 1 39 819 815 660 894 895 885 663 1088 1211
371 11 2 63 1 672 675 40 660 752 751 741 1087 664 1212
372 11 2 63 1 675 632 819 436 981 980 1210 1175 1160 1159
373 11 2 63 1 634 273 282 486 649 651 652 1199 996 995
374 11 2 63 1 598 261 252 307 621 622 614 1196 999 998
375 11 2 63 1 532 206 339 217 546 993 1198 548 992 549
376 11 2 63 1 563 238 507 230 587 994 1197 581 997 588
377 11 2 63 1 13 14 24 361 87 852 1143 370 1156 369
378 11 2 63 1 20 18 19 374 866 1182 132 1155 1078 383
379 11 2 63 1 18 17 19 374 104 725 1182 383 1078 382
380 11 2 63 1 338 80 533 72 349 1024 1217 348 1027 352
381 11 2 63 1 186 179 631 485 504 1025 1026 493 1218 494
382 11 2 63 1 57 49 601 305 318 1029 1028 315 1216 314
383 11 2 63 1 200 566 509 193 1022 1215 516 528 517 1023
384 11 2 63 1 281 631 272 485 646 645 647 989 988 1218
385 11 2 63 1 533 205 338 218 542 991 1217 545 990 544
386 11 2 63 1 253 601 262 305 619 625 624 985 984 1216
387 11 2 63 1 509 566 237 231 1215 591 986 987 590 586
388 11 2 63 1 564 16 15 509 1016 98 1017 1219 514 515
389 11 2 63 1 530 11 12 338 1061 79 1062 1221 346 347
390 11 2 63 1 599 5 6 305 1063 56 1064 1220 312 313
391 11 2 63 1 632 22 21 485 1019 143 1018 1222 491 492
392 11 2 63 1 15 237 564 509 721 575 1017 514 1219 986
393 11 2 63 1 564 16 509 231 1016 515 1219 574 987 863
394 11 2 63 1 12 205 530 338 848 536 1062 346 1221 991
395 11 2 63 1 253 599 6 305 604 1064 835 985 312 1220
396 11 2 63 1 338 530 11 218 1221 1061 347 990 704 540
397 11 2 63 1 5 599 262 305 1063 605 691 313 984 1220
398 11 2 63 1 281 632 21 485 643 1018 737 989 491 1222
399 11 2 63 1 22 632 272 485 1019 642 879 492 988 1222
400 11 2 63 1 597 294 2 35 1188 295 1054 606 826 1189
401 11 2 63 1 10 29 328 565 843 1184 334 1049 1186 569
402 11 2 63 1 328 30 9 565 1185 701 333 1186 1048 568
403 11 2 63 1 294 1 36 597 296 683 1187 1188 607 1055
404 11 2 63 1 817 592 34 33 1084 596 1200 892 249 595
405 11 2 63 1 818 27 25 660 1201 214 886 1086 661 662
406 11 2 63 1 26 28 327 558 224 1191 1192 560 1124 559
407 11 2 63 1 37 293 38 626 1193 1195 271 629 630 1126
408 11 2 63 1 31 673 592 32 1206 1207 594 246 593 747
409 11 2 63 1 40 675 39 660 751 1209 290 664 663 1212
410 11 2 63 1 675 679 145 436 797 795 734 1175 439 1176
411 11 2 63 1 435 822 150 819 1179 937 440 1158 878 939
412 11 2 63 1 328 30 29 558 1185 227 1184 1123 561 562
413 11 2 63 1 626 294 36 35 1125 1187 627 628 268 1189
414 11 2 63 1 361 89 88 680 371 91 365 1073 761 762
415 11 2 63 1 564 15 16 374 1017 98 1016 1169 376 377
416 11 2 63 1 12 11 530 361 79 1061 1062 364 1171 363
417 11 2 63 1 817 34 599 33 1200 602 976 892 603 249
418 11 2 63 1 818 25 27 530 886 214 1201 979 534 535
419 11 2 63 1 529 7 8 327 1053 64 1052 1190 329 330
420 11 2 63 1 32 673 564 31 747 983 573 246 572 1206
421 11 2 63 1 675 39 632 40 1209 640 981 751 641 290
422 11 2 63 1 633 4 3 293 1051 45 1050 1194 299 300
423 11 2 63 1 564 375 15 374 1168 378 1017 1169 377 380
424 11 2 63 1 680 88 361 676 761 365 1073 763 1130 707
425 11 2 63 1 530 362 12 361 1170 366 1062 1171 364 368
426 11 2 63 1 32 34 671 592 248 746 745 593 1082 596
427 11 2 63 1 814 31 592 33 889 594 1081 888 595 247
428 11 2 63 1 25 39 815 660 291 885 884 661 1088 663
429 11 2 63 1 27 672 40 660 742 741 292 662 664 1087
430 11 2 63 1 12 94 362 530 97 367 366 1062 1170 1173
431 11 2 63 1 375 15 100 564 378 103 379 1168 1172 1017
432 11 2 63 1 185 634 274 283 1035 648 1225 799 656 655
433 11 2 63 1 563 199 239 229 1031 802 582 580 583 1226
434 11 2 63 1 532 81 207 216 1036 903 547 555 554 1227
435 11 2 63 1 260 50 598 251 756 1032 616 617 615 1228
436 11 2 63 1 274 484 185 283 1007 501 1225 656 799 1006
437 11 2 63 1 508 239 199 229 1005 802 526 1004 1226 583
438 11 2 63 1 341 207 81 216 1000 903 358 1003 1227 554
439 11 2 63 1 260 50 251 304 756 1228 617 1001 1002 320
440 11 2 63 1 69 29 26 558 844 225 840 1122 560 561
441 11 2 63 1 65 28 30 558 696 226 700 1128 562 559
442 11 2 63 1 42 36 38 626 684 270 688 1129 630 627
443 11 2 63 1 46 626 37 35 1127 629 830 827 269 628
444 11 2 63 1 178 274 484 185 941 1007 495 502 501 1225
445 11 2 63 1 192 508 199 229 518 526 525 946 1226 1004
446 11 2 63 1 73 341 81 216 354 358 357 760 1227 1003
447 11 2 63 1 50 58 251 304 323 898 1228 320 1002 322
448 11 2 63 1 274 178 634 185 941 1034 648 1225 1035 502
449 11 2 63 1 199 563 192 229 1031 1030 525 1226 946 580
450 11 2 63 1 81 532 73 216 1036 1037 357 1227 760 555
451 11 2 63 1 58 598 50 251 1033 1032 323 898 1228 615
452 11 2 63 1 82 215 340 208 1229 1010 345 842 1013 556
453 11 2 63 1 51 259 306 250 686 1015 310 1230 1014 612
454 11 2 63 1 284 483 275 184 1011 1012 658 690 1231 489
455 11 2 63 1 240 506 228 191 1009 1008 578 1232 846 513
456 11 2 63 1 531 82 208 215 1047 842 552 557 556 1229
457 11 2 63 1 275 635 284 184 653 659 658 1231 690 1045
458 11 2 63 1 51 259 250 600 686 612 1230 1044 611 613
459 11 2 63 1 228 567 240 191 576 579 578 846 1232 1040
460 11 2 63 1 215 82 340 74 1229 345 1010 699 344 359
461 11 2 63 1 483 177 275 184 490 833 1012 489 1231 497
462 11 2 63 1 59 51 306 250 326 310 311 829 1014 1230
463 11 2 63 1 506 240 198 191 1009 703 512 513 520 1232
464 11 2 63 1 328 9 10 565 333 68 334 1186 1049 1048
465 11 2 63 1 2 1 294 597 41 296 295 1054 1188 1055
466 11 2 63 1 215 531 82 74 557 1047 1229 699 359 1042
467 11 2 63 1 635 275 177 184 653 833 1046 1045 497 1231
468 11 2 63 1 250 59 51 600 829 326 1230 611 1044 1043
469 11 2 63 1 567 198 240 191 1041 703 579 1040 1232 520
470 11 2 63 1 144 679 682 436 794 796 739 445 1177 1176
471 11 2 63 1 822 825 435 151 940 1178 1179 938 447 882
472 11 2 63 1 818 823 94 362 907 905 849 1131 367 1021
473 11 2 63 1 139 6 599 422 142 1064 1223 428 1162 427
474 11 2 63 1 423 5 599 133 424 1063 1161 426 1224 135
475 11 2 63 1 435 22 632 150 441 1019 1157 440 1213 152
476 11 2 63 1 145 21 632 436 148 1018 1214 439 1159 438
477 11 2 63 1 99 681 17 375 728 727 101 384 385 1138
478 11 2 63 1 436 22 21 632 437 143 438 1159 1018 1019
479 11 2 63 1 599 6 5 423 1064 56 1063 1161 424 425
480 11 2 63 1 675 21 632 145 735 1018 981 734 1214 148
481 11 2 63 1 150 22 632 819 152 1019 1213 878 980 877
482 11 2 63 1 15 673 100 564 719 718 103 1017 1172 983
483 11 2 63 1 106 374 18 824 386 383 109 871 869 1079
484 11 2 63 1 99 100 678 375 102 766 765 384 1137 379
485 11 2 63 1 293 37 4 46 1193 831 300 302 48 830
486 11 2 63 1 69 26 8 327 840 839 70 332 329 1192
487 11 2 63 1 28 7 327 65 697 330 1191 696 331 67
488 11 2 63 1 38 293 3 42 1195 299 687 688 43 301
489 11 2 63 1 682 23 436 951 713 446 1177 1233 1234 1235
490 11 2 63 1 46 2 294 35 47 295 298 827 1189 826
491 11 2 63 1 10 29 69 328 843 844 71 334 336 1184
492 11 2 63 1 94 12 818 530 97 850 849 1173 979 1062
493 11 2 63 1 817 6 599 139 837 1064 976 836 1223 142
494 11 2 63 1 133 5 599 674 135 1063 1224 694 977 693
495 11 2 63 1 65 30 9 328 700 701 66 335 333 1185
496 11 2 63 1 1 36 42 294 683 684 44 296 297 1187
497 11 2 63 1 820 139 817 422 934 836 936 1076 1163 428
498 11 2 63 1 677 133 423 674 790 426 1074 792 1147 694
499 11 2 63 1 144 682 23 436 739 713 146 445 446 1177
500 11 2 63 1 24 435 825 151 444 1178 855 154 882 447
501 11 2 63 1 93 94 823 362 96 905 904 372 1021 367
502 11 2 63 1 435 24 825 951 444 855 1178 1236 1237 1238
503 11 2 63 1 435 822 151 150 1179 938 447 440 153 937
504 11 2 63 1 679 144 145 436 794 147 795 1176 439 445
505 11 2 63 1 820 138 139 422 933 141 934 1076 428 434
506 11 2 63 1 134 133 423 677 136 426 433 791 1074 790
507 11 2 63 1 435 436 23 951 442 446 443 1236 1235 1234
508 11 2 63 1 24 435 23 951 444 443 149 1238 1235 1236
509 11 2 63 1 951 825 361 24 1237 1068 1239 1238 1156 855
510 11 2 63 1 361 825 951 682 1068 1237 1239 1070 1233 1071
511 11 2 63 1 422 671 820 814 1058 1240 1076 1066 935 1065
512 11 2 63 1 817 820 671 814 936 1240 1083 893 1065 935
513 11 2 63 1 671 817 422 820 1083 1163 1058 1240 1076 936
514 11 2 63 1 423 817 671 677 1148 1083 1075 1074 793 1139
515 11 2 63 1 423 671 817 422 1075 1083 1148 429 1163 1058
516 11 2 63 1 671 673 824 681 748 1121 1057 733 1056 806
517 11 2 63 1 814 816 671 592 891 1241 1065 1081 1082 1208
518 11 2 63 1 814 671 816 824 1065 1241 891 876 949 1057
519 11 2 63 1 673 671 816 592 748 1241 1154 1207 1208 1082
520 11 2 63 1 673 816 671 824 1154 1241 748 1121 1057 949
521 11 2 63 1 672 675 825 682 752 1242 1067 717 1071 807
522 11 2 63 1 671 19 422 423 731 431 1058 1075 429 432
523 11 2 63 1 422 19 671 681 431 731 1058 1060 733 726
524 11 2 63 1 16 816 374 105 861 1153 376 107 381 862
525 11 2 63 1 374 816 16 564 1153 861 376 1169 1016 982
526 11 2 63 1 676 11 361 530 706 363 1130 978 1171 1061
527 11 2 63 1 676 361 11 88 1130 363 706 707 90 365
528 11 2 63 1 682 951 675 825 1233 1243 807 1071 1242 1237
529 11 2 63 1 675 951 682 436 1243 1233 807 1175 1177 1234
530 11 2 63 1 951 819 675 825 1244 1210 1243 1237 1242 950
531 11 2 63 1 675 819 951 436 1210 1244 1243 1175 1234 1160
532 11 2 63 1 951 435 819 825 1236 1158 1244 1237 950 1178
533 11 2 63 1 819 435 951 436 1158 1236 1244 1160 1234 442
534 11 2 63 1 675 819 672 825 1210 1245 752 1242 1067 950
535 11 2 63 1 675 672 819 660 752 1245 1210 1212 1211 1087
536 11 2 63 1 815 672 819 825 1072 1245 895 860 950 1067
537 11 2 63 1 815 819 672 660 895 1245 1072 1088 1087 1211
538 11 2 63 1 24 951 13 361 1238 1246 1143 1156 370 1239
539 11 2 63 1 24 13 951 23 1143 1246 1238 149 1235 711
540 11 2 63 1 682 13 951 361 712 1246 1233 1070 1239 370
541 11 2 63 1 682 951 13 23 1233 1246 712 713 711 1235
$EndElements
